 -6.2260000e+003  9.6000630e+003
 -6.2210000e+003  9.6003940e+003
 -6.2350000e+003  9.6006830e+003
 -6.2510000e+003  9.6009300e+003
 -6.2640000e+003  9.6012070e+003
 -6.2730000e+003  9.6014560e+003
 -6.2810000e+003  9.6016880e+003
 -6.2900000e+003  9.6019630e+003
 -6.3000000e+003  9.6021930e+003
 -6.3120000e+003  9.6023640e+003
 -6.3170000e+003  9.6025270e+003
 -6.3260000e+003  9.6026940e+003
 -6.3320000e+003  9.6028650e+003
 -6.3390000e+003  9.6030350e+003
 -6.3440000e+003  9.6032140e+003
 -6.3500000e+003  9.6034570e+003
 -6.3590000e+003  9.6037570e+003
 -6.3650000e+003  9.6040780e+003
 -6.3680000e+003  9.6044010e+003
 -6.3720000e+003  9.6047250e+003
 -6.3740000e+003  9.6050520e+003
 -6.3780000e+003  9.6053780e+003
 -6.3780000e+003  9.6057050e+003
 -6.3790000e+003  9.6060330e+003
 -6.3810000e+003  9.6063600e+003
 -6.3830000e+003  9.6066880e+003
 -6.3870000e+003  9.6070130e+003
 -6.3900000e+003  9.6073380e+003
 -6.4080000e+003  9.6076630e+003
 -6.4190000e+003  9.6079870e+003
 -6.4130000e+003  9.6083110e+003
 -6.4100000e+003  9.6086330e+003
 -6.3920000e+003  9.6089570e+003
 -6.3890000e+003  9.6092800e+003
 -6.3870000e+003  9.6096050e+003
 -6.3860000e+003  9.6099270e+003
 -6.3840000e+003  9.6102460e+003
 -6.3830000e+003  9.6105630e+003
 -6.3820000e+003  9.6108830e+003
 -6.3770000e+003  9.6112030e+003
 -6.3720000e+003  9.6115250e+003
 -6.3720000e+003  9.6118460e+003
 -6.3890000e+003  9.6121660e+003
 -6.4020000e+003  9.6124850e+003
 -6.4150000e+003  9.6128080e+003
 -6.4220000e+003  9.6131300e+003
 -6.4270000e+003  9.6134520e+003
 -6.4320000e+003  9.6137720e+003
 -6.4100000e+003  9.6140930e+003
 -6.3740000e+003  9.6144140e+003
 -6.3480000e+003  9.6147350e+003
 -6.3320000e+003  9.6150560e+003
 -6.3240000e+003  9.6153750e+003
 -6.3210000e+003  9.6156960e+003
 -6.3230000e+003  9.6160170e+003
 -6.3240000e+003  9.6163390e+003
 -6.3240000e+003  9.6166620e+003
 -6.3240000e+003  9.6169850e+003
 -6.3250000e+003  9.6173090e+003
 -6.3260000e+003  9.6176340e+003
 -6.3310000e+003  9.6179560e+003
 -6.3320000e+003  9.6182790e+003
 -6.3310000e+003  9.6186010e+003
 -6.3290000e+003  9.6189230e+003
 -6.3280000e+003  9.6192470e+003
 -6.3270000e+003  9.6195710e+003
 -6.3250000e+003  9.6198960e+003
 -6.3220000e+003  9.6202190e+003
 -6.3210000e+003  9.6205430e+003
 -6.3210000e+003  9.6208680e+003
 -6.3310000e+003  9.6211920e+003
 -6.3170000e+003  9.6215170e+003
 -6.3000000e+003  9.6218440e+003
 -6.3020000e+003  9.6221690e+003
 -6.3000000e+003  9.6224930e+003
 -6.2990000e+003  9.6228180e+003
 -6.3010000e+003  9.6231450e+003
 -6.3090000e+003  9.6234710e+003
 -6.3160000e+003  9.6237950e+003
 -6.3220000e+003  9.6241200e+003
 -6.3240000e+003  9.6244470e+003
 -6.3260000e+003  9.6247720e+003
 -6.3260000e+003  9.6251000e+003
 -6.3260000e+003  9.6254260e+003
 -6.3260000e+003  9.6257510e+003
 -6.3270000e+003  9.6260770e+003
 -6.3260000e+003  9.6264080e+003
 -6.3230000e+003  9.6267340e+003
 -6.3190000e+003  9.6270580e+003
 -6.3160000e+003  9.6273830e+003
 -6.3120000e+003  9.6277090e+003
 -6.3090000e+003  9.6280370e+003
 -6.3050000e+003  9.6283630e+003
 -6.3010000e+003  9.6286870e+003
 -6.2990000e+003  9.6290140e+003
 -6.2980000e+003  9.6293390e+003
 -6.2950000e+003  9.6296620e+003
 -6.2930000e+003  9.6299890e+003
 -6.2900000e+003  9.6303160e+003
 -6.2880000e+003  9.6306420e+003
 -6.2850000e+003  9.6309680e+003
 -6.2800000e+003  9.6312940e+003
 -6.2760000e+003  9.6316210e+003
 -6.2730000e+003  9.6319490e+003
 -6.2710000e+003  9.6322750e+003
 -6.2700000e+003  9.6325990e+003
 -6.2680000e+003  9.6329210e+003
 -6.2660000e+003  9.6332430e+003
 -6.2650000e+003  9.6335640e+003
 -6.2650000e+003  9.6338860e+003
 -6.2640000e+003  9.6342080e+003
 -6.2640000e+003  9.6345310e+003
 -6.3210000e+003  9.6348510e+003
 -6.3210000e+003  9.6351750e+003
 -6.3210000e+003  9.6354980e+003
 -6.3230000e+003  9.6358200e+003
 -6.3280000e+003  9.6361420e+003
 -6.3320000e+003  9.6364630e+003
 -6.3340000e+003  9.6367840e+003
 -6.3350000e+003  9.6371040e+003
 -6.3410000e+003  9.6374250e+003
 -6.3440000e+003  9.6377450e+003
 -6.3470000e+003  9.6380680e+003
 -6.3500000e+003  9.6383910e+003
 -6.3540000e+003  9.6387150e+003
 -6.3560000e+003  9.6389890e+003
 -6.3570000e+003  9.6392150e+003
 -6.3580000e+003  9.6394340e+003
 -6.3630000e+003  9.6396430e+003
 -6.3570000e+003  9.6398730e+003
 -6.3590000e+003  9.6401660e+003
 -6.3420000e+003  9.6404850e+003
 -6.3030000e+003  9.6408070e+003
 -6.2660000e+003  9.6411290e+003
 -6.2400000e+003  9.6414500e+003
 -6.2230000e+003  9.6417700e+003
 -6.2130000e+003  9.6420870e+003
 -6.2090000e+003  9.6423980e+003
 -6.2070000e+003  9.6427080e+003
 -6.2090000e+003  9.6430170e+003
 -6.2090000e+003  9.6433240e+003
 -6.2090000e+003  9.6436300e+003
 -6.2090000e+003  9.6439370e+003
 -6.2070000e+003  9.6442430e+003
 -6.2040000e+003  9.6445490e+003
 -6.1980000e+003  9.6451550e+003
 -6.1920000e+003  9.6454590e+003
 -6.1900000e+003  9.6457630e+003
 -6.1850000e+003  9.6460610e+003
 -6.1820000e+003  9.6463690e+003
 -6.1810000e+003  9.6466740e+003
 -6.1860000e+003  9.6469800e+003
 -6.1860000e+003  9.6472890e+003
 -6.1880000e+003  9.6475960e+003
 -6.1870000e+003  9.6479030e+003
 -6.1880000e+003  9.6482120e+003
 -6.1870000e+003  9.6485230e+003
 -6.1860000e+003  9.6488310e+003
 -6.1850000e+003  9.6491390e+003
 -6.1840000e+003  9.6494480e+003
 -6.1860000e+003  9.6497570e+003
 -6.1870000e+003  9.6500640e+003
 -6.1880000e+003  9.6503710e+003
 -6.1940000e+003  9.6506750e+003
 -6.1990000e+003  9.6509800e+003
 -6.2020000e+003  9.6512830e+003
 -6.2060000e+003  9.6515870e+003
 -6.2100000e+003  9.6518910e+003
 -6.2120000e+003  9.6521960e+003
 -6.2120000e+003  9.6525020e+003
 -6.2120000e+003  9.6528050e+003
 -6.2150000e+003  9.6531090e+003
 -6.2150000e+003  9.6534120e+003
 -6.2160000e+003  9.6537160e+003
 -6.2180000e+003  9.6540210e+003
 -6.2180000e+003  9.6543260e+003
 -6.2180000e+003  9.6546320e+003
 -6.2160000e+003  9.6549390e+003
 -6.2150000e+003  9.6552450e+003
 -6.2140000e+003  9.6555510e+003
 -6.2130000e+003  9.6558590e+003
 -6.2120000e+003  9.6561640e+003
 -6.2120000e+003  9.6564700e+003
 -6.2110000e+003  9.6567740e+003
 -6.2100000e+003  9.6570780e+003
 -6.2100000e+003  9.6573810e+003
 -6.2080000e+003  9.6576850e+003
 -6.2090000e+003  9.6579880e+003
 -6.2080000e+003  9.6582900e+003
 -6.2230000e+003  9.6585920e+003
 -6.2310000e+003  9.6588990e+003
 -6.2410000e+003  9.6592070e+003
 -6.2420000e+003  9.6595170e+003
 -6.2480000e+003  9.6598290e+003
 -6.2450000e+003  9.6601430e+003
 -6.2500000e+003  9.6604550e+003
 -6.2700000e+003  9.6607660e+003
 -6.2850000e+003  9.6610780e+003
 -6.2910000e+003  9.6613860e+003
 -6.2930000e+003  9.6616990e+003
 -6.2980000e+003  9.6620100e+003
 -6.3050000e+003  9.6623210e+003
 -6.3110000e+003  9.6626330e+003
 -6.3190000e+003  9.6629430e+003
 -6.3390000e+003  9.6632520e+003
 -6.3640000e+003  9.6635610e+003
 -6.3810000e+003  9.6638690e+003
 -6.3940000e+003  9.6641790e+003
 -6.3970000e+003  9.6644890e+003
 -6.3840000e+003  9.6648000e+003
 -6.3740000e+003  9.6651120e+003
 -6.3660000e+003  9.6654250e+003
 -6.3620000e+003  9.6657400e+003
 -6.3600000e+003  9.6660540e+003
 -6.3610000e+003  9.6663690e+003
 -6.3660000e+003  9.6666860e+003
 -6.3700000e+003  9.6670100e+003
 -6.3730000e+003  9.6673280e+003
 -6.3660000e+003  9.6676470e+003
 -6.3620000e+003  9.6679670e+003
 -6.3280000e+003  9.6682850e+003
 -6.2940000e+003  9.6686030e+003
 -6.2920000e+003  9.6689220e+003
 -6.2850000e+003  9.6692410e+003
 -6.2850000e+003  9.6695600e+003
 -6.2880000e+003  9.6698800e+003
 -6.2850000e+003  9.6702020e+003
 -6.2870000e+003  9.6705170e+003
 -6.2840000e+003  9.6708330e+003
 -6.2880000e+003  9.6711500e+003
 -6.2720000e+003  9.6714700e+003
 -6.2500000e+003  9.6717880e+003
 -6.2810000e+003  9.6721040e+003
 -6.2990000e+003  9.6724220e+003
 -6.3150000e+003  9.6727400e+003
 -6.3220000e+003  9.6730560e+003
 -6.3240000e+003  9.6733730e+003
 -6.3240000e+003  9.6736920e+003
 -6.3280000e+003  9.6740100e+003
 -6.3570000e+003  9.6743270e+003
 -6.3740000e+003  9.6746420e+003
 -6.3890000e+003  9.6749590e+003
 -6.4040000e+003  9.6752770e+003
 -6.4100000e+003  9.6755950e+003
 -6.4140000e+003  9.6759150e+003
 -6.4130000e+003  9.6762350e+003
 -6.4060000e+003  9.6765560e+003
 -6.3970000e+003  9.6768770e+003
 -6.3850000e+003  9.6771980e+003
 -6.3740000e+003  9.6775190e+003
 -6.3640000e+003  9.6778410e+003
 -6.3560000e+003  9.6781620e+003
 -6.3500000e+003  9.6784820e+003
 -6.3460000e+003  9.6788040e+003
 -6.3430000e+003  9.6791230e+003
 -6.3400000e+003  9.6794450e+003
 -6.3360000e+003  9.6797690e+003
 -6.3310000e+003  9.6800930e+003
 -6.3270000e+003  9.6804160e+003
 -6.3270000e+003  9.6807400e+003
 -6.3270000e+003  9.6810630e+003
 -6.1910000e+003  9.6813840e+003
 -6.1870000e+003  9.6817070e+003
 -6.1600000e+003  9.6820280e+003
 -6.0860000e+003  9.6826680e+003
 -6.0360000e+003  9.6829950e+003
 -5.9770000e+003  9.6833210e+003
 -5.9210000e+003  9.6836490e+003
 -5.8830000e+003  9.6839760e+003
 -5.8600000e+003  9.6843020e+003
 -5.8860000e+003  9.6846270e+003
 -5.8820000e+003  9.6849560e+003
 -5.8680000e+003  9.6852840e+003
 -5.8620000e+003  9.6856110e+003
 -5.8440000e+003  9.6859370e+003
 -5.8270000e+003  9.6862640e+003
 -5.8280000e+003  9.6865890e+003
 -5.8310000e+003  9.6869140e+003
 -5.8430000e+003  9.6872420e+003
 -5.8510000e+003  9.6875700e+003
 -5.8850000e+003  9.6878970e+003
 -5.9160000e+003  9.6882250e+003
 -5.9570000e+003  9.6885530e+003
 -6.0060000e+003  9.6888810e+003
 -6.0530000e+003  9.6892110e+003
 -6.1080000e+003  9.6895360e+003
 -6.1600000e+003  9.6898640e+003
 -6.1760000e+003  9.6901920e+003
 -6.1600000e+003  9.6905210e+003
 -6.1350000e+003  9.6908480e+003
 -6.1030000e+003  9.6911760e+003
 -6.0810000e+003  9.6915040e+003
 -6.0810000e+003  9.6918350e+003
 -5.9660000e+003  9.6921670e+003
 -5.9690000e+003  9.6925000e+003
 -5.9740000e+003  9.6928320e+003
 -5.9790000e+003  9.6931670e+003
 -5.9870000e+003  9.6935000e+003
 -5.9980000e+003  9.6938340e+003
 -6.0020000e+003  9.6941670e+003
 -5.9330000e+003  9.6944990e+003
 -5.9310000e+003  9.6948310e+003
 -5.9330000e+003  9.6951630e+003
 -5.9400000e+003  9.6954950e+003
 -5.9330000e+003  9.6958290e+003
 -5.9160000e+003  9.6961620e+003
 -5.8980000e+003  9.6964970e+003
 -5.8700000e+003  9.6968310e+003
 -5.8440000e+003  9.6971650e+003
 -5.8290000e+003  9.6974980e+003
 -5.8390000e+003  9.6978320e+003
 -5.8400000e+003  9.6981680e+003
 -5.8430000e+003  9.6985030e+003
 -5.8450000e+003  9.6988360e+003
 -5.8450000e+003  9.6991710e+003
 -5.8450000e+003  9.6995070e+003
 -5.8620000e+003  9.6998410e+003
 -5.8620000e+003  9.7001720e+003
 -5.8620000e+003  9.7005060e+003
 -5.2850000e+003  9.7008420e+003
 -5.2830000e+003  9.7011770e+003
 -5.2900000e+003  9.7015120e+003
 -5.3020000e+003  9.7018500e+003
 -5.3240000e+003  9.7021880e+003
 -5.3450000e+003  9.7025260e+003
 -5.3820000e+003  9.7028650e+003
 -5.3950000e+003  9.7032030e+003
 -6.1250000e+003  9.7035410e+003
 -6.0800000e+003  9.7038780e+003
 -6.0260000e+003  9.7042160e+003
 -5.9880000e+003  9.7045530e+003
 -5.9920000e+003  9.7048900e+003
 -6.0010000e+003  9.7052260e+003
 -6.0220000e+003  9.7055640e+003
 -6.0670000e+003  9.7059010e+003
 -6.1130000e+003  9.7062420e+003
 -6.1580000e+003  9.7065790e+003
 -6.2070000e+003  9.7069160e+003
 -6.2620000e+003  9.7072520e+003
 -6.2960000e+003  9.7075900e+003
 -6.3140000e+003  9.7079270e+003
 -6.3180000e+003  9.7082650e+003
 -6.3350000e+003  9.7086030e+003
 -6.3380000e+003  9.7089420e+003
 -6.3380000e+003  9.7092810e+003
 -6.2770000e+003  9.7096210e+003
 -6.2720000e+003  9.7099580e+003
 -6.2690000e+003  9.7102990e+003
 -6.2660000e+003  9.7106390e+003
 -6.2650000e+003  9.7109840e+003
 -6.2680000e+003  9.7113260e+003
 -6.2670000e+003  9.7116680e+003
 -6.2630000e+003  9.7120070e+003
 -6.2570000e+003  9.7123470e+003
 -6.2500000e+003  9.7126890e+003
 -6.2440000e+003  9.7130270e+003
 -6.2390000e+003  9.7133660e+003
 -6.2360000e+003  9.7137060e+003
 -6.2330000e+003  9.7140470e+003
 -6.2310000e+003  9.7143910e+003
 -6.2300000e+003  9.7147350e+003
 -6.2280000e+003  9.7150780e+003
 -6.2220000e+003  9.7154220e+003
 -6.2130000e+003  9.7157650e+003
 -6.1990000e+003  9.7161100e+003
 -6.1860000e+003  9.7164540e+003
 -6.1780000e+003  9.7167990e+003
 -6.1710000e+003  9.7171420e+003
 -6.1650000e+003  9.7174860e+003
 -6.1610000e+003  9.7178310e+003
 -6.1630000e+003  9.7181740e+003
 -6.1700000e+003  9.7185180e+003
 -6.1770000e+003  9.7188640e+003
 -6.1870000e+003  9.7192090e+003
 -6.1980000e+003  9.7195550e+003
 -6.2090000e+003  9.7199000e+003
 -6.2170000e+003  9.7202440e+003
 -6.2240000e+003  9.7205890e+003
 -6.2290000e+003  9.7209310e+003
 -6.2340000e+003  9.7212750e+003
 -6.2370000e+003  9.7216180e+003
 -6.2390000e+003  9.7219610e+003
 -6.2380000e+003  9.7223030e+003
 -6.2360000e+003  9.7229820e+003
 -6.2330000e+003  9.7233250e+003
 -6.2300000e+003  9.7236670e+003
 -6.2260000e+003  9.7240120e+003
 -6.2230000e+003  9.7243540e+003
 -6.2210000e+003  9.7246980e+003
 -6.2260000e+003  9.7250400e+003
 -6.2240000e+003  9.7253830e+003
 -6.2260000e+003  9.7257250e+003
 -6.2270000e+003  9.7260700e+003
 -6.2260000e+003  9.7264150e+003
 -6.2270000e+003  9.7267590e+003
 -6.2260000e+003  9.7271060e+003
 -6.2260000e+003  9.7274510e+003
 -6.2260000e+003  9.7277980e+003
 -6.2260000e+003  9.7281470e+003
 -6.2260000e+003  9.7284930e+003
 -6.2250000e+003  9.7288400e+003
 -6.2230000e+003  9.7291870e+003
 -6.2210000e+003  9.7295340e+003
 -6.2160000e+003  9.7298810e+003
 -6.2110000e+003  9.7302270e+003
 -6.2070000e+003  9.7305730e+003
 -6.2060000e+003  9.7309180e+003
 -6.2050000e+003  9.7312610e+003
 -6.2060000e+003  9.7316050e+003
 -6.2050000e+003  9.7319490e+003
 -6.2030000e+003  9.7322950e+003
 -6.2010000e+003  9.7326420e+003
 -6.1980000e+003  9.7329880e+003
 -6.1970000e+003  9.7333360e+003
 -6.1970000e+003  9.7336830e+003
 -6.2080000e+003  9.7343800e+003
 -6.2080000e+003  9.7347280e+003
 -6.2060000e+003  9.7350740e+003
 -6.2020000e+003  9.7354210e+003
 -6.1950000e+003  9.7357710e+003
 -6.1860000e+003  9.7361180e+003
 -6.1770000e+003  9.7364670e+003
 -6.1720000e+003  9.7368170e+003
 -6.1690000e+003  9.7371670e+003
 -6.1660000e+003  9.7375170e+003
 -6.1650000e+003  9.7378680e+003
 -6.1680000e+003  9.7382200e+003
 -6.1740000e+003  9.7385690e+003
 -6.1850000e+003  9.7389170e+003
 -6.1830000e+003  9.7392640e+003
 -6.1820000e+003  9.7396110e+003
 -6.1810000e+003  9.7399600e+003
 -6.1840000e+003  9.7403060e+003
 -6.1880000e+003  9.7406540e+003
 -6.1780000e+003  9.7410030e+003
 -6.1720000e+003  9.7413490e+003
 -6.1690000e+003  9.7416950e+003
 -6.1670000e+003  9.7420430e+003
 -6.1660000e+003  9.7423870e+003
 -6.1670000e+003  9.7427340e+003
 -6.1670000e+003  9.7430840e+003
 -6.1690000e+003  9.7434330e+003
 -6.1720000e+003  9.7437830e+003
 -6.1760000e+003  9.7441310e+003
 -6.1790000e+003  9.7444770e+003
 -6.1800000e+003  9.7448220e+003
 -6.1810000e+003  9.7451700e+003
 -6.1800000e+003  9.7455190e+003
 -6.1780000e+003  9.7458660e+003
 -6.1770000e+003  9.7462150e+003
 -6.1770000e+003  9.7465660e+003
 -6.1770000e+003  9.7469150e+003
 -6.1820000e+003  9.7472680e+003
 -6.1830000e+003  9.7476200e+003
 -6.1860000e+003  9.7479710e+003
 -6.1910000e+003  9.7483230e+003
 -6.1930000e+003  9.7486750e+003
 -6.1940000e+003  9.7490220e+003
 -6.1980000e+003  9.7493670e+003
 -6.2080000e+003  9.7497140e+003
 -6.2250000e+003  9.7500620e+003
 -6.2420000e+003  9.7504100e+003
 -6.2620000e+003  9.7507570e+003
 -6.2890000e+003  9.7511030e+003
 -6.3080000e+003  9.7514470e+003
 -6.3230000e+003  9.7517880e+003
 -6.3400000e+003  9.7521300e+003
 -6.3550000e+003  9.7524700e+003
 -6.3600000e+003  9.7528100e+003
 -6.3610000e+003  9.7531510e+003
 -6.3620000e+003  9.7534910e+003
 -6.3650000e+003  9.7538330e+003
 -6.3690000e+003  9.7541750e+003
 -6.3740000e+003  9.7545160e+003
 -6.3780000e+003  9.7548510e+003
 -6.3790000e+003  9.7551880e+003
 -6.3830000e+003  9.7555230e+003
 -6.3680000e+003  9.7558620e+003
 -6.3580000e+003  9.7562010e+003
 -6.3510000e+003  9.7565380e+003
 -6.3470000e+003  9.7568760e+003
 -6.3470000e+003  9.7572120e+003
 -6.3470000e+003  9.7575450e+003
 -6.3470000e+003  9.7578730e+003
 -6.2160000e+003  9.7582150e+003
 -6.2400000e+003  9.7585510e+003
 -6.2730000e+003  9.7588910e+003
 -6.3100000e+003  9.7592330e+003
 -6.3480000e+003  9.7595740e+003
 -6.3740000e+003  9.7599150e+003
 -6.4060000e+003  9.7602540e+003
 -6.4410000e+003  9.7605970e+003
 -6.4770000e+003  9.7609360e+003
 -6.4950000e+003  9.7612770e+003
 -6.5040000e+003  9.7616190e+003
 -6.5510000e+003  9.7619630e+003
 -6.5760000e+003  9.7623060e+003
 -6.5870000e+003  9.7626510e+003
 -6.5910000e+003  9.7629960e+003
 -6.5940000e+003  9.7633410e+003
 -6.5880000e+003  9.7636860e+003
 -6.5760000e+003  9.7643690e+003
 -6.4550000e+003  9.7647130e+003
 -6.4540000e+003  9.7650590e+003
 -6.4560000e+003  9.7654060e+003
 -6.4580000e+003  9.7657520e+003
 -6.4630000e+003  9.7660970e+003
 -6.4780000e+003  9.7664430e+003
 -6.4780000e+003  9.7667890e+003
 -6.4800000e+003  9.7671350e+003
 -6.4840000e+003  9.7674840e+003
 -6.4840000e+003  9.7678320e+003
 -6.4750000e+003  9.7681820e+003
 -6.4560000e+003  9.7685300e+003
 -6.4600000e+003  9.7688810e+003
 -6.4700000e+003  9.7692290e+003
 -6.4720000e+003  9.7695800e+003
 -6.4760000e+003  9.7699300e+003
 -6.5380000e+003  9.7702830e+003
 -6.5430000e+003  9.7706370e+003
 -6.5470000e+003  9.7709890e+003
 -6.5480000e+003  9.7713400e+003
 -6.5490000e+003  9.7716930e+003
 -6.6420000e+003  9.7720450e+003
 -6.6310000e+003  9.7723930e+003
 -6.6280000e+003  9.7727420e+003
 -6.6070000e+003  9.7730950e+003
 -6.5620000e+003  9.7734440e+003
 -6.5290000e+003  9.7737930e+003
 -6.5110000e+003  9.7741440e+003
 -6.4910000e+003  9.7744950e+003
 -6.4860000e+003  9.7748450e+003
 -6.4810000e+003  9.7751960e+003
 -6.4820000e+003  9.7755470e+003
 -6.4760000e+003  9.7758980e+003
 -6.4770000e+003  9.7762500e+003
 -6.4790000e+003  9.7766020e+003
 -6.4460000e+003  9.7769580e+003
 -6.4100000e+003  9.7773090e+003
 -6.3820000e+003  9.7776650e+003
 -6.3610000e+003  9.7780180e+003
 -6.3410000e+003  9.7783730e+003
 -6.3300000e+003  9.7787300e+003
 -6.3320000e+003  9.7790860e+003
 -6.3390000e+003  9.7794410e+003
 -6.3460000e+003  9.7797970e+003
 -6.3510000e+003  9.7801480e+003
 -6.3610000e+003  9.7805020e+003
 -6.3600000e+003  9.7808560e+003
 -6.3600000e+003  9.7812140e+003
 -6.3610000e+003  9.7815690e+003
 -6.3800000e+003  9.7819240e+003
 -6.3960000e+003  9.7822790e+003
 -6.4070000e+003  9.7826320e+003
 -6.4180000e+003  9.7829850e+003
 -6.4250000e+003  9.7833380e+003
 -6.4300000e+003  9.7836910e+003
 -6.4330000e+003  9.7840430e+003
 -6.4350000e+003  9.7843940e+003
 -6.4350000e+003  9.7847440e+003
 -6.4340000e+003  9.7850950e+003
 -6.4290000e+003  9.7854460e+003
 -6.4260000e+003  9.7857940e+003
 -6.4230000e+003  9.7861460e+003
 -6.4220000e+003  9.7864940e+003
 -6.4370000e+003  9.7868420e+003
 -6.4520000e+003  9.7871870e+003
 -6.4790000e+003  9.7875320e+003
 -6.4980000e+003  9.7878740e+003
 -6.5100000e+003  9.7882160e+003
 -6.5160000e+003  9.7885570e+003
 -6.5210000e+003  9.7888980e+003
 -6.5240000e+003  9.7892430e+003
 -6.5300000e+003  9.7895880e+003
 -6.5580000e+003  9.7899310e+003
 -6.5880000e+003  9.7902760e+003
 -6.6120000e+003  9.7906220e+003
 -6.6380000e+003  9.7909670e+003
 -6.6550000e+003  9.7913120e+003
 -6.7070000e+003  9.7916560e+003
 -6.7190000e+003  9.7919990e+003
 -6.7420000e+003  9.7923430e+003
 -6.7530000e+003  9.7926870e+003
 -6.7670000e+003  9.7930320e+003
 -6.7830000e+003  9.7933750e+003
 -6.7970000e+003  9.7937190e+003
 -6.8180000e+003  9.7940620e+003
 -6.8280000e+003  9.7944040e+003
 -6.8350000e+003  9.7947480e+003
 -6.8410000e+003  9.7950900e+003
 -6.8500000e+003  9.7954340e+003
 -6.8550000e+003  9.7957760e+003
 -6.8580000e+003  9.7961200e+003
 -6.8600000e+003  9.7964640e+003
 -6.8600000e+003  9.7968090e+003
 -6.8620000e+003  9.7971530e+003
 -6.8620000e+003  9.7975000e+003
 -6.8620000e+003  9.7978460e+003
 -6.6670000e+003  9.7981900e+003
 -6.6590000e+003  9.7985390e+003
 -6.6320000e+003  9.7988890e+003
 -6.6060000e+003  9.7992410e+003
 -6.5790000e+003  9.7995930e+003
 -6.5480000e+003  9.7999440e+003
 -6.5320000e+003  9.8002950e+003
 -6.5260000e+003  9.8006480e+003
 -6.5300000e+003  9.8010020e+003
 -6.5430000e+003  9.8013550e+003
 -6.5520000e+003  9.8017090e+003
 -6.5590000e+003  9.8020620e+003
 -6.5760000e+003  9.8024150e+003
 -6.6090000e+003  9.8027720e+003
 -6.6140000e+003  9.8031220e+003
 -6.6130000e+003  9.8034720e+003
 -6.6170000e+003  9.8038190e+003
 -6.6150000e+003  9.8041670e+003
 -6.5970000e+003  9.8045130e+003
 -6.5940000e+003  9.8048570e+003
 -6.5940000e+003  9.8051990e+003
 -6.5940000e+003  9.8055380e+003
 -6.5940000e+003  9.8062170e+003
 -6.5940000e+003  9.8065600e+003
 -6.2220000e+003  9.8069030e+003
 -6.1990000e+003  9.8072460e+003
 -6.1990000e+003  9.8075890e+003
 -6.2140000e+003  9.8079350e+003
 -6.2300000e+003  9.8082800e+003
 -6.2740000e+003  9.8086240e+003
 -6.3040000e+003  9.8089670e+003
 -6.3400000e+003  9.8093110e+003
 -6.3940000e+003  9.8096560e+003
 -6.4320000e+003  9.8099990e+003
 -6.4600000e+003  9.8103420e+003
 -6.5140000e+003  9.8106840e+003
 -6.5540000e+003  9.8110250e+003
 -6.5610000e+003  9.8113660e+003
 -6.5830000e+003  9.8117100e+003
 -6.5650000e+003  9.8120550e+003
 -6.5540000e+003  9.8124010e+003
 -6.5280000e+003  9.8127470e+003
 -6.4970000e+003  9.8130920e+003
 -6.4670000e+003  9.8134370e+003
 -6.4140000e+003  9.8137820e+003
 -6.3620000e+003  9.8141260e+003
 -6.3210000e+003  9.8144680e+003
 -6.2860000e+003  9.8148100e+003
 -6.2580000e+003  9.8151540e+003
 -6.2410000e+003  9.8155000e+003
 -6.2330000e+003  9.8158460e+003
 -6.2310000e+003  9.8161920e+003
 -6.2650000e+003  9.8165380e+003
 -6.2660000e+003  9.8168840e+003
 -6.2700000e+003  9.8172310e+003
 -6.2730000e+003  9.8175770e+003
 -6.2740000e+003  9.8179230e+003
 -6.2740000e+003  9.8182680e+003
 -6.2760000e+003  9.8186150e+003
 -6.2750000e+003  9.8189600e+003
 -6.2710000e+003  9.8193070e+003
 -6.2660000e+003  9.8196530e+003
 -6.2560000e+003  9.8200010e+003
 -6.2480000e+003  9.8203490e+003
 -6.2430000e+003  9.8206970e+003
 -6.2400000e+003  9.8210460e+003
 -6.2400000e+003  9.8213950e+003
 -6.2400000e+003  9.8217440e+003
 -6.2400000e+003  9.8220920e+003
 -6.2400000e+003  9.8224360e+003
 -6.2400000e+003  9.8227820e+003
 -6.2400000e+003  9.8231300e+003
 -6.2400000e+003  9.8234760e+003
 -6.2410000e+003  9.8238230e+003
 -6.2410000e+003  9.8241700e+003
 -6.2410000e+003  9.8245170e+003
 -6.2420000e+003  9.8248640e+003
 -6.2420000e+003  9.8252110e+003
 -6.2430000e+003  9.8255570e+003
 -6.2440000e+003  9.8259040e+003
 -6.2430000e+003  9.8262490e+003
 -6.2390000e+003  9.8265940e+003
 -6.2360000e+003  9.8269470e+003
 -6.2290000e+003  9.8272940e+003
 -6.2190000e+003  9.8276420e+003
 -6.2090000e+003  9.8279860e+003
 -6.2010000e+003  9.8283310e+003
 -6.1970000e+003  9.8286760e+003
 -6.1950000e+003  9.8290230e+003
 -6.1950000e+003  9.8293700e+003
 -6.1960000e+003  9.8297160e+003
 -6.1980000e+003  9.8300620e+003
 -6.2000000e+003  9.8304100e+003
 -6.2020000e+003  9.8307540e+003
 -6.2030000e+003  9.8311030e+003
 -6.2050000e+003  9.8314520e+003
 -6.2060000e+003  9.8318010e+003
 -6.2060000e+003  9.8321540e+003
 -6.2070000e+003  9.8325060e+003
 -6.2080000e+003  9.8328580e+003
 -6.2080000e+003  9.8332100e+003
 -6.2080000e+003  9.8335620e+003
 -6.2080000e+003  9.8339150e+003
 -6.2060000e+003  9.8342700e+003
 -6.2050000e+003  9.8346220e+003
 -6.2020000e+003  9.8349770e+003
 -6.1980000e+003  9.8353330e+003
 -6.1940000e+003  9.8356880e+003
 -6.1890000e+003  9.8360440e+003
 -6.1840000e+003  9.8364000e+003
 -6.1800000e+003  9.8367550e+003
 -6.1750000e+003  9.8371090e+003
 -6.1710000e+003  9.8374630e+003
 -6.1670000e+003  9.8378160e+003
 -6.1640000e+003  9.8381710e+003
 -6.1620000e+003  9.8385240e+003
 -6.1600000e+003  9.8388770e+003
 -6.1590000e+003  9.8392310e+003
 -6.1580000e+003  9.8395840e+003
 -6.1580000e+003  9.8399340e+003
 -6.1580000e+003  9.8402840e+003
 -6.1630000e+003  9.8406350e+003
 -6.1620000e+003  9.8409860e+003
 -6.1620000e+003  9.8413360e+003
 -6.1570000e+003  9.8416850e+003
 -6.1540000e+003  9.8420320e+003
 -6.1360000e+003  9.8423780e+003
 -6.1070000e+003  9.8427260e+003
 -6.0900000e+003  9.8430740e+003
 -6.0770000e+003  9.8434200e+003
 -6.0750000e+003  9.8437670e+003
 -6.0620000e+003  9.8441130e+003
 -6.0480000e+003  9.8444600e+003
 -6.0410000e+003  9.8448050e+003
 -6.0380000e+003  9.8451490e+003
 -6.0370000e+003  9.8454930e+003
 -6.0430000e+003  9.8458410e+003
 -6.0580000e+003  9.8461890e+003
 -6.0580000e+003  9.8465360e+003
 -6.0550000e+003  9.8468800e+003
 -6.0510000e+003  9.8472270e+003
 -6.0520000e+003  9.8475760e+003
 -6.0490000e+003  9.8479220e+003
 -6.0420000e+003  9.8482680e+003
 -6.0430000e+003  9.8486150e+003
 -6.0620000e+003  9.8489620e+003
 -6.0810000e+003  9.8493090e+003
 -6.0950000e+003  9.8496520e+003
 -6.1230000e+003  9.8499970e+003
 -6.1380000e+003  9.8503430e+003
 -6.1340000e+003  9.8506890e+003
 -6.1230000e+003  9.8510340e+003
 -6.1150000e+003  9.8513790e+003
 -6.1130000e+003  9.8517250e+003
 -6.1190000e+003  9.8520710e+003
 -6.1220000e+003  9.8524150e+003
 -6.1190000e+003  9.8527600e+003
 -6.1220000e+003  9.8531050e+003
 -6.1230000e+003  9.8534500e+003
 -6.1230000e+003  9.8537940e+003
 -6.1200000e+003  9.8541370e+003
 -6.1170000e+003  9.8544810e+003
 -6.1230000e+003  9.8548260e+003
 -6.1250000e+003  9.8551720e+003
 -6.1230000e+003  9.8555160e+003
 -6.1240000e+003  9.8558620e+003
 -6.0950000e+003  9.8562100e+003
 -5.9920000e+003  9.8565560e+003
 -5.9820000e+003  9.8569020e+003
 -5.9640000e+003  9.8572490e+003
 -5.9430000e+003  9.8575900e+003
 -5.9120000e+003  9.8579330e+003
 -5.8980000e+003  9.8582780e+003
 -5.8740000e+003  9.8586250e+003
 -5.8640000e+003  9.8589720e+003
 -5.8630000e+003  9.8593190e+003
 -5.8580000e+003  9.8596660e+003
 -5.8540000e+003  9.8600140e+003
 -5.8540000e+003  9.8603610e+003
 -5.8580000e+003  9.8607090e+003
 -5.8540000e+003  9.8610540e+003
 -5.8560000e+003  9.8613980e+003
 -5.8650000e+003  9.8617450e+003
 -5.8740000e+003  9.8620870e+003
 -5.9220000e+003  9.8624280e+003
 -5.9320000e+003  9.8627680e+003
 -6.0850000e+003  9.8631070e+003
 -6.0810000e+003  9.8634430e+003
 -6.0780000e+003  9.8637780e+003
 -6.0890000e+003  9.8641100e+003
 -6.1080000e+003  9.8644450e+003
 -6.1250000e+003  9.8647830e+003
 -6.1280000e+003  9.8651180e+003
 -6.1310000e+003  9.8654530e+003
 -6.1360000e+003  9.8657890e+003
 -6.1380000e+003  9.8661250e+003
 -6.1390000e+003  9.8664600e+003
 -6.1400000e+003  9.8667930e+003
 -6.1380000e+003  9.8671280e+003
 -6.1380000e+003  9.8674590e+003
 -6.1340000e+003  9.8677900e+003
 -6.1280000e+003  9.8681200e+003
 -6.1120000e+003  9.8684550e+003
 -6.1130000e+003  9.8687830e+003
 -6.1110000e+003  9.8691110e+003
 -6.1090000e+003  9.8694400e+003
 -6.1100000e+003  9.8697700e+003
 -6.1130000e+003  9.8701010e+003
 -6.1170000e+003  9.8704290e+003
 -6.1200000e+003  9.8707580e+003
 -6.1230000e+003  9.8710880e+003
 -6.1260000e+003  9.8714200e+003
 -6.1280000e+003  9.8717490e+003
 -6.1300000e+003  9.8720770e+003
 -6.1320000e+003  9.8724080e+003
 -6.1350000e+003  9.8727400e+003
 -6.1390000e+003  9.8730720e+003
 -6.1440000e+003  9.8734050e+003
 -6.1480000e+003  9.8737390e+003
 -6.1510000e+003  9.8740720e+003
 -6.1540000e+003  9.8744080e+003
 -6.1570000e+003  9.8747400e+003
 -6.1580000e+003  9.8750720e+003
 -6.1600000e+003  9.8754020e+003
 -6.1620000e+003  9.8757330e+003
 -6.1640000e+003  9.8760640e+003
 -6.1660000e+003  9.8763930e+003
 -6.1680000e+003  9.8767240e+003
 -6.1710000e+003  9.8770510e+003
 -6.1730000e+003  9.8773820e+003
 -6.1790000e+003  9.8777120e+003
 -6.1870000e+003  9.8780450e+003
 -6.1970000e+003  9.8783780e+003
 -6.2030000e+003  9.8787090e+003
 -6.2090000e+003  9.8790420e+003
 -6.2140000e+003  9.8793740e+003
 -6.2170000e+003  9.8797050e+003
 -6.2190000e+003  9.8800390e+003
 -6.2220000e+003  9.8803720e+003
 -6.2230000e+003  9.8807050e+003
 -6.2230000e+003  9.8810430e+003
 -6.2220000e+003  9.8813800e+003
 -6.2240000e+003  9.8817150e+003
 -6.2290000e+003  9.8820530e+003
 -6.2230000e+003  9.8823910e+003
 -6.2100000e+003  9.8827300e+003
 -6.2010000e+003  9.8830690e+003
 -6.1960000e+003  9.8834070e+003
 -6.1930000e+003  9.8837480e+003
 -6.1940000e+003  9.8840860e+003
 -6.1910000e+003  9.8844240e+003
 -6.1880000e+003  9.8847610e+003
 -6.1850000e+003  9.8851010e+003
 -6.1800000e+003  9.8854420e+003
 -6.1750000e+003  9.8857840e+003
 -6.1740000e+003  9.8861300e+003
 -6.1810000e+003  9.8864760e+003
 -6.1950000e+003  9.8868220e+003
 -6.2110000e+003  9.8871700e+003
 -6.2250000e+003  9.8875190e+003
 -6.2380000e+003  9.8878680e+003
 -6.2520000e+003  9.8882190e+003
 -6.2680000e+003  9.8885700e+003
 -6.2760000e+003  9.8889210e+003
 -6.3010000e+003  9.8892720e+003
 -6.2990000e+003  9.8896240e+003
 -6.3040000e+003  9.8899770e+003
 -6.3080000e+003  9.8903310e+003
 -6.3040000e+003  9.8906830e+003
 -6.2980000e+003  9.8910330e+003
 -6.2990000e+003  9.8913840e+003
 -6.2830000e+003  9.8917370e+003
 -6.2780000e+003  9.8920900e+003
 -6.2690000e+003  9.8924470e+003
 -6.2680000e+003  9.8928000e+003
 -6.2680000e+003  9.8931520e+003
 -6.2580000e+003  9.8935070e+003
 -6.2520000e+003  9.8938620e+003
 -6.2480000e+003  9.8942200e+003
 -6.1680000e+003  9.8945780e+003
 -6.1660000e+003  9.8949340e+003
 -6.1680000e+003  9.8952900e+003
 -6.1440000e+003  9.8956470e+003
 -6.1200000e+003  9.8960050e+003
 -6.1030000e+003  9.8963590e+003
 -6.0960000e+003  9.8967160e+003
 -6.0970000e+003  9.8970720e+003
 -6.1050000e+003  9.8974270e+003
 -6.1160000e+003  9.8977840e+003
 -6.1250000e+003  9.8981400e+003
 -6.1310000e+003  9.8984960e+003
 -6.1370000e+003  9.8988530e+003
 -6.1590000e+003  9.8992100e+003
 -6.1770000e+003  9.8995680e+003
 -6.1900000e+003  9.8999260e+003
 -6.1990000e+003  9.9002800e+003
 -6.2050000e+003  9.9006320e+003
 -6.2070000e+003  9.9009880e+003
 -6.2070000e+003  9.9013440e+003
 -6.2030000e+003  9.9017020e+003
 -6.2020000e+003  9.9020610e+003
 -6.2020000e+003  9.9024190e+003
 -6.2000000e+003  9.9027780e+003
 -6.1960000e+003  9.9031350e+003
 -6.1930000e+003  9.9034900e+003
 -6.1880000e+003  9.9038470e+003
 -6.1830000e+003  9.9042060e+003
 -6.1750000e+003  9.9045650e+003
 -6.1650000e+003  9.9049250e+003
 -6.1440000e+003  9.9052850e+003
 -6.1320000e+003  9.9056440e+003
 -6.1300000e+003  9.9060010e+003
 -6.1260000e+003  9.9063580e+003
 -6.1310000e+003  9.9067170e+003
 -6.1330000e+003  9.9070750e+003
 -6.1460000e+003  9.9074350e+003
 -6.1560000e+003  9.9077950e+003
 -6.1640000e+003  9.9081540e+003
 -6.1700000e+003  9.9085140e+003
 -6.1710000e+003  9.9088730e+003
 -6.1740000e+003  9.9092320e+003
 -6.1780000e+003  9.9095920e+003
 -6.1890000e+003  9.9099510e+003
 -6.1990000e+003  9.9103120e+003
 -6.2070000e+003  9.9106740e+003
 -6.2100000e+003  9.9110360e+003
 -6.2090000e+003  9.9114040e+003
 -6.2100000e+003  9.9117680e+003
 -6.1940000e+003  9.9121310e+003
 -6.1880000e+003  9.9124940e+003
 -6.1880000e+003  9.9128570e+003
 -6.2300000e+003  9.9132160e+003
 -6.2290000e+003  9.9135740e+003
 -6.2240000e+003  9.9139300e+003
 -6.2270000e+003  9.9142890e+003
 -6.2300000e+003  9.9146490e+003
 -6.2310000e+003  9.9150090e+003
 -6.2310000e+003  9.9153700e+003
 -6.3520000e+003  9.9157300e+003
 -6.3710000e+003  9.9160880e+003
 -6.4060000e+003  9.9164480e+003
 -6.4320000e+003  9.9168100e+003
 -6.4460000e+003  9.9171710e+003
 -6.4500000e+003  9.9175340e+003
 -6.4460000e+003  9.9178940e+003
 -6.4280000e+003  9.9182550e+003
 -6.3990000e+003  9.9186130e+003
 -6.3710000e+003  9.9189730e+003
 -6.3540000e+003  9.9193310e+003
 -6.3390000e+003  9.9196910e+003
 -6.3460000e+003  9.9200510e+003
 -6.3620000e+003  9.9204110e+003
 -6.3780000e+003  9.9207710e+003
 -6.3970000e+003  9.9211280e+003
 -6.4130000e+003  9.9214880e+003
 -6.4280000e+003  9.9218470e+003
 -6.4400000e+003  9.9222030e+003
 -6.4420000e+003  9.9225590e+003
 -6.4470000e+003  9.9229180e+003
 -6.4460000e+003  9.9232760e+003
 -6.4400000e+003  9.9236310e+003
 -6.4250000e+003  9.9239890e+003
 -6.4230000e+003  9.9243450e+003
 -6.4260000e+003  9.9247000e+003
 -6.4210000e+003  9.9250540e+003
 -6.3920000e+003  9.9254110e+003
 -6.3930000e+003  9.9257690e+003
 -6.3980000e+003  9.9261280e+003
 -6.4070000e+003  9.9264850e+003
 -6.4200000e+003  9.9268440e+003
 -6.4300000e+003  9.9272040e+003
 -6.4470000e+003  9.9275620e+003
 -6.4570000e+003  9.9279200e+003
 -6.4650000e+003  9.9282790e+003
 -6.4780000e+003  9.9286410e+003
 -6.4920000e+003  9.9290010e+003
 -6.5310000e+003  9.9293600e+003
 -6.5790000e+003  9.9297200e+003
 -6.6320000e+003  9.9300780e+003
 -6.6910000e+003  9.9304370e+003
 -6.7300000e+003  9.9307970e+003
 -6.7310000e+003  9.9315090e+003
 -6.7330000e+003  9.9318660e+003
 -6.7390000e+003  9.9322230e+003
 -6.7410000e+003  9.9325770e+003
 -6.7480000e+003  9.9329320e+003
 -6.7610000e+003  9.9332880e+003
 -6.7790000e+003  9.9336450e+003
 -6.8010000e+003  9.9340000e+003
 -6.8180000e+003  9.9343550e+003
 -6.8040000e+003  9.9347080e+003
 -6.7810000e+003  9.9350660e+003
 -6.7410000e+003  9.9354230e+003
 -6.6960000e+003  9.9357800e+003
 -6.6690000e+003  9.9361410e+003
 -6.6510000e+003  9.9364950e+003
 -6.6630000e+003  9.9368500e+003
 -6.6800000e+003  9.9372080e+003
 -6.6970000e+003  9.9375660e+003
 -6.7050000e+003  9.9379250e+003
 -6.7090000e+003  9.9382810e+003
 -6.7130000e+003  9.9386390e+003
 -6.7250000e+003  9.9390000e+003
 -6.7470000e+003  9.9393620e+003
 -6.7550000e+003  9.9397210e+003
 -6.7490000e+003  9.9400820e+003
 -6.7490000e+003  9.9404390e+003
 -6.7480000e+003  9.9407970e+003
 -6.7530000e+003  9.9411550e+003
 -6.7580000e+003  9.9415140e+003
 -6.7460000e+003  9.9418730e+003
 -6.7220000e+003  9.9422330e+003
 -6.7000000e+003  9.9425940e+003
 -6.7090000e+003  9.9429550e+003
 -6.7340000e+003  9.9433150e+003
 -6.7660000e+003  9.9436750e+003
 -6.7840000e+003  9.9440370e+003
 -6.7180000e+003  9.9443980e+003
 -6.6930000e+003  9.9447570e+003
 -6.6550000e+003  9.9451180e+003
 -6.6250000e+003  9.9454770e+003
 -6.5870000e+003  9.9458370e+003
 -6.5730000e+003  9.9461940e+003
 -6.5220000e+003  9.9465510e+003
 -6.4660000e+003  9.9469090e+003
 -6.4140000e+003  9.9472680e+003
 -6.3700000e+003  9.9476270e+003
 -6.3090000e+003  9.9479850e+003
 -6.2760000e+003  9.9483420e+003
 -6.2600000e+003  9.9487010e+003
 -6.2660000e+003  9.9490590e+003
 -6.2780000e+003  9.9494190e+003
 -6.2660000e+003  9.9497760e+003
 -6.2660000e+003  9.9501350e+003
 -6.2150000e+003  9.9504940e+003
 -6.2140000e+003  9.9508560e+003
 -6.2140000e+003  9.9512140e+003
 -6.2060000e+003  9.9515710e+003
 -6.2040000e+003  9.9519270e+003
 -6.1620000e+003  9.9522840e+003
 -6.1620000e+003  9.9526430e+003
 -6.1650000e+003  9.9530050e+003
 -6.1660000e+003  9.9533650e+003
 -6.1640000e+003  9.9537250e+003
 -6.1700000e+003  9.9540840e+003
 -6.2170000e+003  9.9544430e+003
 -6.2140000e+003  9.9548070e+003
 -6.1930000e+003  9.9551650e+003
 -6.2330000e+003  9.9555250e+003
 -6.2690000e+003  9.9558860e+003
 -6.2640000e+003  9.9562450e+003
 -6.2620000e+003  9.9566050e+003
 -6.2460000e+003  9.9569680e+003
 -6.2540000e+003  9.9573310e+003
 -6.2270000e+003  9.9576950e+003
 -6.2120000e+003  9.9580580e+003
 -6.2100000e+003  9.9584220e+003
 -6.2100000e+003  9.9587860e+003
 -5.6300000e+003  9.9591490e+003
 -5.6520000e+003  9.9595160e+003
 -5.6550000e+003  9.9598870e+003
 -5.6590000e+003  9.9602530e+003
 -5.6800000e+003  9.9606180e+003
 -5.7050000e+003  9.9609830e+003
 -5.7440000e+003  9.9613480e+003
 -5.7840000e+003  9.9617130e+003
 -5.8110000e+003  9.9620800e+003
 -5.8320000e+003  9.9624470e+003
 -5.9230000e+003  9.9628110e+003
 -5.9220000e+003  9.9631760e+003
 -5.9140000e+003  9.9635420e+003
 -5.9290000e+003  9.9639100e+003
 -5.9320000e+003  9.9642760e+003
 -6.0110000e+003  9.9646420e+003
 -6.0000000e+003  9.9650100e+003
 -5.9690000e+003  9.9653760e+003
 -5.9510000e+003  9.9657440e+003
 -5.9140000e+003  9.9661070e+003
 -5.8910000e+003  9.9664710e+003
 -5.8690000e+003  9.9668360e+003
 -5.8400000e+003  9.9671980e+003
 -5.8210000e+003  9.9675630e+003
 -5.7940000e+003  9.9679250e+003
 -5.7760000e+003  9.9682880e+003
 -5.7590000e+003  9.9686500e+003
 -5.7480000e+003  9.9690100e+003
 -5.7030000e+003  9.9693690e+003
 -5.6650000e+003  9.9697260e+003
 -5.6430000e+003  9.9700870e+003
 -5.6360000e+003  9.9704500e+003
 -5.6360000e+003  9.9708130e+003
 -5.7260000e+003  9.9711750e+003
 -5.7250000e+003  9.9715370e+003
 -5.6480000e+003  9.9719000e+003
 -5.6410000e+003  9.9722630e+003
 -5.6280000e+003  9.9726260e+003
 -5.6010000e+003  9.9729910e+003
 -5.5620000e+003  9.9733560e+003
 -5.5340000e+003  9.9737180e+003
 -5.5180000e+003  9.9740820e+003
 -5.4680000e+003  9.9748080e+003
 -5.4510000e+003  9.9751750e+003
 -5.4690000e+003  9.9755390e+003
 -5.4600000e+003  9.9759020e+003
 -5.4460000e+003  9.9762650e+003
 -5.4050000e+003  9.9766270e+003
 -5.3860000e+003  9.9769890e+003
 -5.3840000e+003  9.9773490e+003
 -5.3910000e+003  9.9777080e+003
 -5.4040000e+003  9.9780670e+003
 -5.4070000e+003  9.9784280e+003
 -5.4060000e+003  9.9787890e+003
 -5.4090000e+003  9.9791490e+003
 -5.3940000e+003  9.9795100e+003
 -5.3920000e+003  9.9798710e+003
 -5.3670000e+003  9.9802340e+003
 -5.3520000e+003  9.9805970e+003
 -5.3440000e+003  9.9809550e+003
 -5.3430000e+003  9.9813110e+003
 -5.3440000e+003  9.9816650e+003
 -5.3610000e+003  9.9820210e+003
 -5.3810000e+003  9.9823790e+003
 -5.3960000e+003  9.9827360e+003
 -5.4240000e+003  9.9830940e+003
 -5.4530000e+003  9.9834500e+003
 -5.5010000e+003  9.9838140e+003
 -5.5300000e+003  9.9841750e+003
 -5.5800000e+003  9.9845360e+003
 -5.6340000e+003  9.9848930e+003
 -5.6940000e+003  9.9852450e+003
 -5.7490000e+003  9.9855960e+003
 -5.7650000e+003  9.9859460e+003
 -5.7660000e+003  9.9862990e+003
 -5.7660000e+003  9.9866490e+003
 -5.7330000e+003  9.9869990e+003
 -5.7250000e+003  9.9873510e+003
 -5.7190000e+003  9.9876990e+003
 -5.7220000e+003  9.9880450e+003
 -5.7380000e+003  9.9883920e+003
 -5.7610000e+003  9.9887390e+003
 -5.7900000e+003  9.9890860e+003
 -5.8140000e+003  9.9894350e+003
 -5.8330000e+003  9.9897800e+003
 -5.8450000e+003  9.9901280e+003
 -5.8510000e+003  9.9904760e+003
 -5.8510000e+003  9.9908240e+003
 -5.8490000e+003  9.9911750e+003
 -5.8500000e+003  9.9915240e+003
 -5.8530000e+003  9.9918740e+003
 -5.9860000e+003  9.9922230e+003
 -5.9640000e+003  9.9925710e+003
 -5.9570000e+003  9.9929190e+003
 -5.9620000e+003  9.9932660e+003
 -5.9800000e+003  9.9936160e+003
 -5.9930000e+003  9.9939640e+003
 -6.0120000e+003  9.9943110e+003
 -6.0190000e+003  9.9946550e+003
 -5.9010000e+003  9.9949960e+003
 -5.9010000e+003  9.9953380e+003
 -5.9000000e+003  9.9956830e+003
 -5.9190000e+003  9.9960250e+003
 -5.9210000e+003  9.9963700e+003
 -5.9230000e+003  9.9967130e+003
 -5.9240000e+003  9.9970550e+003
 -5.9320000e+003  9.9973960e+003
 -5.9360000e+003  9.9977390e+003
 -5.9290000e+003  9.9980820e+003
 -5.9500000e+003  9.9984240e+003
 -5.9670000e+003  9.9987700e+003
 -5.9980000e+003  9.9991140e+003
 -6.0190000e+003  9.9994630e+003
 -6.0230000e+003  9.9998100e+003
 -6.0230000e+003  1.0000160e+004
 -6.0230000e+003  1.0000512e+004
 -5.8870000e+003  1.0000864e+004
 -5.8870000e+003  1.0001215e+004
 -5.8880000e+003  1.0001569e+004
 -5.8930000e+003  1.0001923e+004
 -5.8930000e+003  1.0002276e+004
 -6.0910000e+003  1.0002628e+004
 -6.0780000e+003  1.0002982e+004
 -6.0730000e+003  1.0003336e+004
 -6.0610000e+003  1.0003690e+004
 -6.0440000e+003  1.0004042e+004
 -6.0220000e+003  1.0004390e+004
 -6.0040000e+003  1.0004738e+004
 -5.9880000e+003  1.0005085e+004
 -5.9930000e+003  1.0005431e+004
 -6.0090000e+003  1.0005778e+004
 -6.0290000e+003  1.0006133e+004
 -6.0560000e+003  1.0006485e+004
 -6.0800000e+003  1.0006833e+004
 -6.1020000e+003  1.0007182e+004
 -6.1560000e+003  1.0007529e+004
 -6.1930000e+003  1.0007875e+004
 -6.2170000e+003  1.0008222e+004
 -6.2280000e+003  1.0008572e+004
 -6.2310000e+003  1.0008921e+004
 -6.2280000e+003  1.0009270e+004
 -6.2280000e+003  1.0009618e+004
 -6.2270000e+003  1.0009967e+004
 -6.2200000e+003  1.0010315e+004
 -6.2140000e+003  1.0010667e+004
 -6.2150000e+003  1.0011020e+004
 -6.2160000e+003  1.0011373e+004
 -6.2360000e+003  1.0011726e+004
 -6.2360000e+003  1.0012080e+004
 -6.2470000e+003  1.0012434e+004
 -6.2490000e+003  1.0012790e+004
 -6.2510000e+003  1.0013146e+004
 -6.2800000e+003  1.0013502e+004
 -6.3150000e+003  1.0013858e+004
 -6.3340000e+003  1.0014215e+004
 -6.3550000e+003  1.0014574e+004
 -6.3910000e+003  1.0014933e+004
 -6.4290000e+003  1.0015291e+004
 -6.4720000e+003  1.0015651e+004
 -6.7910000e+003  1.0016007e+004
 -6.8190000e+003  1.0016364e+004
 -6.8150000e+003  1.0017074e+004
 -6.8250000e+003  1.0017430e+004
 -6.8380000e+003  1.0017786e+004
 -6.8470000e+003  1.0018143e+004
 -6.8520000e+003  1.0018503e+004
 -6.8490000e+003  1.0018861e+004
 -6.8450000e+003  1.0019218e+004
 -6.8430000e+003  1.0019577e+004
 -6.8400000e+003  1.0019937e+004
 -6.8340000e+003  1.0020295e+004
 -6.8280000e+003  1.0020653e+004
 -6.8210000e+003  1.0021012e+004
 -6.8080000e+003  1.0021365e+004
 -6.7940000e+003  1.0021722e+004
 -6.7770000e+003  1.0022079e+004
 -6.7560000e+003  1.0022432e+004
 -6.7200000e+003  1.0022786e+004
 -6.6830000e+003  1.0023142e+004
 -6.6380000e+003  1.0023501e+004
 -6.5900000e+003  1.0023860e+004
 -6.5480000e+003  1.0024220e+004
 -6.5140000e+003  1.0024581e+004
 -6.4810000e+003  1.0024939e+004
 -6.4480000e+003  1.0025297e+004
 -6.4170000e+003  1.0025652e+004
 -6.3860000e+003  1.0026007e+004
 -6.3460000e+003  1.0026362e+004
 -6.3080000e+003  1.0026719e+004
 -6.2730000e+003  1.0027074e+004
 -6.2300000e+003  1.0027427e+004
 -6.1940000e+003  1.0027783e+004
 -6.1430000e+003  1.0028137e+004
 -6.0910000e+003  1.0028491e+004
 -6.0630000e+003  1.0028845e+004
 -5.8530000e+003  1.0029199e+004
 -5.8260000e+003  1.0029555e+004
 -5.7880000e+003  1.0029915e+004
 -5.7430000e+003  1.0030271e+004
 -5.6990000e+003  1.0030627e+004
 -5.6540000e+003  1.0030977e+004
 -5.6040000e+003  1.0031327e+004
 -5.5540000e+003  1.0031681e+004
 -5.5000000e+003  1.0032035e+004
 -5.4450000e+003  1.0032391e+004
 -5.4080000e+003  1.0032747e+004
 -5.4190000e+003  1.0033103e+004
 -5.3590000e+003  1.0033456e+004
 -5.3010000e+003  1.0033807e+004
 -5.2800000e+003  1.0034157e+004
 -5.2860000e+003  1.0034507e+004
 -5.2940000e+003  1.0034857e+004
 -5.2920000e+003  1.0035209e+004
 -5.2550000e+003  1.0035559e+004
 -5.1830000e+003  1.0035907e+004
 -5.0940000e+003  1.0036256e+004
 -5.0060000e+003  1.0036603e+004
 -4.9010000e+003  1.0036952e+004
 -4.8430000e+003  1.0037301e+004
 -4.7480000e+003  1.0037649e+004
 -4.6320000e+003  1.0037997e+004
 -4.4720000e+003  1.0038347e+004
 -4.2860000e+003  1.0038694e+004
 -4.1380000e+003  1.0039046e+004
 -4.1290000e+003  1.0039396e+004
 -4.1140000e+003  1.0039748e+004
 -4.1030000e+003  1.0040101e+004
 -4.0880000e+003  1.0040452e+004
 -4.0420000e+003  1.0040800e+004
 -4.0080000e+003  1.0041150e+004
 -3.9730000e+003  1.0041502e+004
 -3.8430000e+003  1.0041852e+004
 -3.7420000e+003  1.0042202e+004
 -3.6170000e+003  1.0042553e+004
 -3.5120000e+003  1.0042904e+004
 -3.4620000e+003  1.0043254e+004
 -3.4230000e+003  1.0043603e+004
 -3.6340000e+003  1.0043951e+004
 -3.8120000e+003  1.0044299e+004
 -3.8310000e+003  1.0044649e+004
 -3.8570000e+003  1.0044998e+004
 -3.9270000e+003  1.0045345e+004
 -4.0150000e+003  1.0045689e+004
 -4.1140000e+003  1.0046036e+004
 -4.2130000e+003  1.0046383e+004
 -4.3180000e+003  1.0046728e+004
 -4.3890000e+003  1.0047074e+004
 -4.4260000e+003  1.0047421e+004
 -4.4590000e+003  1.0047768e+004
 -4.5030000e+003  1.0048111e+004
 -4.5520000e+003  1.0048453e+004
 -4.5920000e+003  1.0048795e+004
 -4.6420000e+003  1.0049136e+004
 -4.6680000e+003  1.0049475e+004
 -5.2330000e+003  1.0049814e+004
 -5.2290000e+003  1.0050154e+004
 -5.2440000e+003  1.0050494e+004
 -5.2860000e+003  1.0050834e+004
 -5.3320000e+003  1.0051176e+004
 -5.4160000e+003  1.0051514e+004
 -5.4990000e+003  1.0051853e+004
 -5.5650000e+003  1.0052191e+004
 -5.6270000e+003  1.0052528e+004
 -5.7120000e+003  1.0052863e+004
 -5.8010000e+003  1.0053197e+004
 -5.8240000e+003  1.0053540e+004
 -5.8270000e+003  1.0053875e+004
 -5.8350000e+003  1.0054212e+004
 -5.8490000e+003  1.0054550e+004
 -5.8740000e+003  1.0054888e+004
 -5.9110000e+003  1.0055225e+004
 -5.9550000e+003  1.0055563e+004
 -5.9360000e+003  1.0055902e+004
 -5.9400000e+003  1.0056243e+004
 -5.9190000e+003  1.0056585e+004
 -5.8900000e+003  1.0056927e+004
 -5.8770000e+003  1.0057268e+004
 -5.8770000e+003  1.0057608e+004
 -5.8880000e+003  1.0057950e+004
 -5.9070000e+003  1.0058290e+004
 -5.9900000e+003  1.0059319e+004
 -6.0160000e+003  1.0059665e+004
 -6.0380000e+003  1.0060009e+004
 -6.1230000e+003  1.0060354e+004
 -6.1580000e+003  1.0060697e+004
 -6.1930000e+003  1.0061037e+004
 -6.2250000e+003  1.0061379e+004
 -6.3020000e+003  1.0061723e+004
 -6.3510000e+003  1.0062069e+004
 -6.4380000e+003  1.0062414e+004
 -6.6410000e+003  1.0062757e+004
 -6.6510000e+003  1.0063100e+004
 -6.6640000e+003  1.0063444e+004
 -6.6760000e+003  1.0063785e+004
 -6.6880000e+003  1.0064128e+004
 -6.7040000e+003  1.0064471e+004
 -6.7160000e+003  1.0064815e+004
 -6.7260000e+003  1.0065156e+004
 -6.7250000e+003  1.0065498e+004
 -6.7290000e+003  1.0065841e+004
 -6.7320000e+003  1.0066182e+004
 -6.7350000e+003  1.0066521e+004
 -6.7330000e+003  1.0066864e+004
 -6.7290000e+003  1.0067210e+004
 -6.7240000e+003  1.0067555e+004
 -6.7230000e+003  1.0067901e+004
 -6.7220000e+003  1.0068246e+004
 -6.7100000e+003  1.0068590e+004
 -6.7110000e+003  1.0068934e+004
 -6.7150000e+003  1.0069277e+004
 -6.7240000e+003  1.0069618e+004
 -6.7330000e+003  1.0069957e+004
 -6.7290000e+003  1.0070301e+004
 -6.7220000e+003  1.0070641e+004
 -6.7170000e+003  1.0070983e+004
 -6.7080000e+003  1.0071325e+004
 -6.6990000e+003  1.0071664e+004
 -6.6900000e+003  1.0072003e+004
 -6.6840000e+003  1.0072337e+004
 -6.6790000e+003  1.0072675e+004
 -6.6760000e+003  1.0073014e+004
 -6.6740000e+003  1.0073352e+004
 -6.6730000e+003  1.0073690e+004
 -6.6720000e+003  1.0074029e+004
 -6.6710000e+003  1.0074367e+004
 -6.6700000e+003  1.0074702e+004
 -6.6690000e+003  1.0075042e+004
 -6.6690000e+003  1.0075383e+004
 -6.6720000e+003  1.0075729e+004
 -6.6720000e+003  1.0076067e+004
 -6.6670000e+003  1.0076403e+004
 -6.6630000e+003  1.0076740e+004
 -6.6570000e+003  1.0077077e+004
 -6.6500000e+003  1.0077412e+004
 -6.6420000e+003  1.0077747e+004
 -6.6330000e+003  1.0078080e+004
 -6.6280000e+003  1.0078416e+004
 -6.6210000e+003  1.0078748e+004
 -6.6170000e+003  1.0079083e+004
 -6.6130000e+003  1.0079416e+004
 -6.6100000e+003  1.0079746e+004
 -6.6080000e+003  1.0080078e+004
 -6.6060000e+003  1.0080410e+004
 -6.6020000e+003  1.0080742e+004
 -6.5990000e+003  1.0081074e+004
 -6.5950000e+003  1.0081407e+004
 -6.5910000e+003  1.0081736e+004
 -6.5870000e+003  1.0082062e+004
 -6.5840000e+003  1.0082389e+004
 -6.5800000e+003  1.0082716e+004
 -6.5770000e+003  1.0083043e+004
 -6.5750000e+003  1.0083372e+004
 -6.5740000e+003  1.0083699e+004
 -6.5690000e+003  1.0084028e+004
 -6.5630000e+003  1.0084358e+004
 -6.5580000e+003  1.0084690e+004
 -6.5520000e+003  1.0085023e+004
 -6.5440000e+003  1.0085357e+004
 -6.5380000e+003  1.0085689e+004
 -6.5320000e+003  1.0086017e+004
 -6.5280000e+003  1.0086348e+004
 -6.5250000e+003  1.0086680e+004
 -6.5140000e+003  1.0087013e+004
 -6.5020000e+003  1.0087342e+004
 -6.4890000e+003  1.0087674e+004
 -6.4790000e+003  1.0088005e+004
 -6.4700000e+003  1.0088337e+004
 -6.4620000e+003  1.0088669e+004
 -6.4580000e+003  1.0089000e+004
 -6.4560000e+003  1.0089332e+004
 -6.4640000e+003  1.0089662e+004
 -6.4630000e+003  1.0089990e+004
 -6.4610000e+003  1.0090321e+004
 -6.4590000e+003  1.0090650e+004
 -6.4580000e+003  1.0090983e+004
 -6.4570000e+003  1.0091316e+004
 -6.4580000e+003  1.0091649e+004
 -6.4590000e+003  1.0091981e+004
 -6.4580000e+003  1.0092312e+004
 -6.4560000e+003  1.0092643e+004
 -6.4540000e+003  1.0092971e+004
 -6.4500000e+003  1.0093302e+004
 -6.4480000e+003  1.0093633e+004
 -6.4460000e+003  1.0093961e+004
 -6.4450000e+003  1.0094290e+004
 -6.4430000e+003  1.0094617e+004
 -6.4420000e+003  1.0094944e+004
 -6.4410000e+003  1.0095273e+004
 -6.4390000e+003  1.0095602e+004
 -6.4370000e+003  1.0095932e+004
 -6.4350000e+003  1.0096261e+004
 -6.4330000e+003  1.0096590e+004
 -6.4310000e+003  1.0096920e+004
 -6.4300000e+003  1.0097249e+004
 -6.4280000e+003  1.0097577e+004
 -6.4250000e+003  1.0097902e+004
 -6.4220000e+003  1.0098226e+004
 -6.4190000e+003  1.0098552e+004
 -6.4130000e+003  1.0099194e+004
 -6.4120000e+003  1.0099516e+004
 -6.4100000e+003  1.0099838e+004
 -6.4090000e+003  1.0100161e+004
 -6.4090000e+003  1.0100486e+004
 -6.4100000e+003  1.0100812e+004
 -6.4120000e+003  1.0101138e+004
 -6.4140000e+003  1.0101459e+004
 -6.4160000e+003  1.0101783e+004
 -6.4160000e+003  1.0102111e+004
 -6.4170000e+003  1.0102435e+004
 -6.4160000e+003  1.0102760e+004
 -6.4160000e+003  1.0103083e+004
 -6.4160000e+003  1.0103406e+004
 -6.4150000e+003  1.0103727e+004
 -6.4130000e+003  1.0104049e+004
 -6.4130000e+003  1.0104364e+004
 -6.4120000e+003  1.0104678e+004
 -6.4120000e+003  1.0104992e+004
 -6.4110000e+003  1.0105307e+004
 -6.4130000e+003  1.0105620e+004
 -6.4130000e+003  1.0105924e+004
 -6.4120000e+003  1.0106228e+004
 -6.4120000e+003  1.0106536e+004
 -6.4110000e+003  1.0106851e+004
 -6.4100000e+003  1.0107169e+004
 -6.4090000e+003  1.0107490e+004
 -6.4070000e+003  1.0107809e+004
 -6.4050000e+003  1.0108126e+004
 -6.4020000e+003  1.0108442e+004
 -6.4000000e+003  1.0108760e+004
 -6.3980000e+003  1.0109081e+004
 -6.3960000e+003  1.0109402e+004
 -6.3930000e+003  1.0109726e+004
 -6.3890000e+003  1.0110047e+004
 -6.3840000e+003  1.0110372e+004
 -6.3670000e+003  1.0110697e+004
 -6.3610000e+003  1.0111024e+004
 -6.3380000e+003  1.0111351e+004
 -6.3260000e+003  1.0111678e+004
 -6.3120000e+003  1.0112008e+004
 -6.3010000e+003  1.0112339e+004
 -6.2920000e+003  1.0112671e+004
 -6.2880000e+003  1.0113003e+004
 -6.2900000e+003  1.0113334e+004
 -6.2930000e+003  1.0113662e+004
 -6.2930000e+003  1.0113991e+004
 -6.2930000e+003  1.0114321e+004
 -6.3100000e+003  1.0114650e+004
 -6.3370000e+003  1.0114981e+004
 -6.3850000e+003  1.0115311e+004
 -6.3840000e+003  1.0115639e+004
 -6.3830000e+003  1.0115967e+004
 -6.3830000e+003  1.0116295e+004
 -6.3830000e+003  1.0116623e+004
 -6.3840000e+003  1.0116954e+004
 -6.3840000e+003  1.0117281e+004
 -6.3840000e+003  1.0117608e+004
 -6.3850000e+003  1.0117937e+004
 -6.3860000e+003  1.0118266e+004
 -6.3860000e+003  1.0118602e+004
 -6.3890000e+003  1.0118930e+004
 -6.3900000e+003  1.0119255e+004
 -6.3900000e+003  1.0119583e+004
 -6.3900000e+003  1.0119912e+004
 -6.3930000e+003  1.0120241e+004
 -6.3960000e+003  1.0120570e+004
 -6.3970000e+003  1.0120897e+004
 -6.3090000e+003  1.0121221e+004
 -6.3070000e+003  1.0121547e+004
 -6.3060000e+003  1.0121876e+004
 -6.3060000e+003  1.0122203e+004
 -6.3080000e+003  1.0122531e+004
 -6.3130000e+003  1.0122854e+004
 -6.3180000e+003  1.0123182e+004
 -6.3230000e+003  1.0123507e+004
 -6.3270000e+003  1.0123834e+004
 -6.3300000e+003  1.0124161e+004
 -6.3330000e+003  1.0124487e+004
 -6.3350000e+003  1.0124814e+004
 -6.3380000e+003  1.0125141e+004
 -6.3420000e+003  1.0125467e+004
 -6.3420000e+003  1.0125793e+004
 -6.3410000e+003  1.0126117e+004
 -6.3420000e+003  1.0126441e+004
 -6.3420000e+003  1.0126765e+004
 -6.3440000e+003  1.0127091e+004
 -6.3470000e+003  1.0127414e+004
 -6.3550000e+003  1.0127739e+004
 -6.3620000e+003  1.0128064e+004
 -6.3810000e+003  1.0128390e+004
 -6.3850000e+003  1.0128718e+004
 -6.3860000e+003  1.0129044e+004
 -6.3710000e+003  1.0129371e+004
 -6.3660000e+003  1.0129700e+004
 -6.3600000e+003  1.0130029e+004
 -6.3510000e+003  1.0130358e+004
 -6.3470000e+003  1.0130682e+004
 -6.3350000e+003  1.0131010e+004
 -6.3410000e+003  1.0131338e+004
 -6.3480000e+003  1.0131668e+004
 -6.3550000e+003  1.0132003e+004
 -6.3600000e+003  1.0132334e+004
 -6.3630000e+003  1.0132660e+004
 -6.3640000e+003  1.0132986e+004
 -6.3640000e+003  1.0133310e+004
 -6.3610000e+003  1.0133636e+004
 -6.3600000e+003  1.0133963e+004
 -6.3620000e+003  1.0134290e+004
 -6.3640000e+003  1.0134616e+004
 -6.3680000e+003  1.0134941e+004
 -6.3700000e+003  1.0135268e+004
 -6.3720000e+003  1.0135596e+004
 -6.3750000e+003  1.0135925e+004
 -6.3780000e+003  1.0136255e+004
 -6.3890000e+003  1.0136586e+004
 -6.3930000e+003  1.0136915e+004
 -6.3990000e+003  1.0137245e+004
 -6.4080000e+003  1.0137578e+004
 -6.4160000e+003  1.0137911e+004
 -6.4230000e+003  1.0138245e+004
 -6.4270000e+003  1.0138580e+004
 -6.4300000e+003  1.0138917e+004
 -6.4320000e+003  1.0139254e+004
 -6.4320000e+003  1.0139589e+004
 -6.4300000e+003  1.0139923e+004
 -6.4300000e+003  1.0140257e+004
 -6.4310000e+003  1.0140591e+004
 -6.4310000e+003  1.0140925e+004
 -6.4350000e+003  1.0141259e+004
 -6.4450000e+003  1.0141593e+004
 -6.4470000e+003  1.0141928e+004
 -6.4490000e+003  1.0142263e+004
 -6.4530000e+003  1.0142593e+004
 -6.4570000e+003  1.0142925e+004
 -6.4610000e+003  1.0143258e+004
 -6.4660000e+003  1.0143594e+004
 -6.4710000e+003  1.0143929e+004
 -6.4770000e+003  1.0144264e+004
 -6.4820000e+003  1.0144601e+004
 -6.4870000e+003  1.0144936e+004
 -6.4890000e+003  1.0145270e+004
 -6.4890000e+003  1.0145604e+004
 -6.4890000e+003  1.0145938e+004
 -6.4870000e+003  1.0146269e+004
 -6.4840000e+003  1.0146599e+004
 -6.4790000e+003  1.0146928e+004
 -6.4750000e+003  1.0147257e+004
 -6.4730000e+003  1.0147585e+004
 -6.4720000e+003  1.0147914e+004
 -6.4720000e+003  1.0148243e+004
 -6.4890000e+003  1.0148574e+004
 -6.4910000e+003  1.0148905e+004
 -6.4920000e+003  1.0149232e+004
 -6.4960000e+003  1.0149562e+004
 -6.5040000e+003  1.0149891e+004
 -6.5100000e+003  1.0150216e+004
 -6.5130000e+003  1.0150544e+004
 -6.5120000e+003  1.0150871e+004
 -6.5090000e+003  1.0151200e+004
 -6.5060000e+003  1.0151530e+004
 -6.5050000e+003  1.0151860e+004
 -6.4970000e+003  1.0152192e+004
 -6.4890000e+003  1.0152521e+004
 -6.4880000e+003  1.0152849e+004
 -6.4270000e+003  1.0153177e+004
 -6.4220000e+003  1.0153503e+004
 -6.4290000e+003  1.0153831e+004
 -6.4380000e+003  1.0154161e+004
 -6.4510000e+003  1.0154491e+004
 -6.4700000e+003  1.0154819e+004
 -6.4690000e+003  1.0155145e+004
 -6.4690000e+003  1.0155470e+004
 -6.4680000e+003  1.0155799e+004
 -6.4650000e+003  1.0156128e+004
 -6.4610000e+003  1.0156456e+004
 -6.4630000e+003  1.0156786e+004
 -6.4630000e+003  1.0157118e+004
 -6.4170000e+003  1.0157449e+004
 -6.4110000e+003  1.0157779e+004
 -6.4110000e+003  1.0158112e+004
 -6.4820000e+003  1.0158448e+004
 -6.4710000e+003  1.0158779e+004
 -6.4680000e+003  1.0159112e+004
 -6.4750000e+003  1.0159445e+004
 -6.4830000e+003  1.0159779e+004
 -6.4860000e+003  1.0160112e+004
 -6.4850000e+003  1.0160444e+004
 -6.4970000e+003  1.0160777e+004
 -6.5090000e+003  1.0161110e+004
 -6.5200000e+003  1.0161444e+004
 -6.5300000e+003  1.0161777e+004
 -6.5370000e+003  1.0162108e+004
 -6.5410000e+003  1.0162438e+004
 -6.5430000e+003  1.0162768e+004
 -6.5430000e+003  1.0163102e+004
 -6.5390000e+003  1.0163436e+004
 -6.5320000e+003  1.0163769e+004
 -6.5090000e+003  1.0164100e+004
 -6.5040000e+003  1.0164430e+004
 -6.4880000e+003  1.0164762e+004
 -6.4730000e+003  1.0165092e+004
 -6.4620000e+003  1.0165423e+004
 -6.4510000e+003  1.0165756e+004
 -6.4430000e+003  1.0166089e+004
 -6.4370000e+003  1.0166421e+004
 -6.4340000e+003  1.0166747e+004
 -6.4310000e+003  1.0167075e+004
 -6.4260000e+003  1.0167403e+004
 -6.4210000e+003  1.0167730e+004
 -6.4200000e+003  1.0168056e+004
 -6.4160000e+003  1.0168384e+004
 -6.4130000e+003  1.0168714e+004
 -6.4100000e+003  1.0169042e+004
 -6.4070000e+003  1.0169367e+004
 -6.4080000e+003  1.0169695e+004
 -6.4120000e+003  1.0170022e+004
 -6.4270000e+003  1.0170348e+004
 -6.4310000e+003  1.0170675e+004
 -6.4350000e+003  1.0171002e+004
 -6.4380000e+003  1.0171328e+004
 -6.4400000e+003  1.0171655e+004
 -6.4420000e+003  1.0171984e+004
 -6.4430000e+003  1.0172312e+004
 -6.4450000e+003  1.0172642e+004
 -6.4490000e+003  1.0172970e+004
 -6.4520000e+003  1.0173299e+004
 -6.4520000e+003  1.0173629e+004
 -6.4540000e+003  1.0173958e+004
 -6.4560000e+003  1.0174289e+004
 -6.4580000e+003  1.0174618e+004
 -6.4580000e+003  1.0174946e+004
 -6.4590000e+003  1.0175275e+004
 -6.4590000e+003  1.0175602e+004
 -6.4590000e+003  1.0175929e+004
 -6.4570000e+003  1.0176256e+004
 -6.4560000e+003  1.0176584e+004
 -6.4540000e+003  1.0176911e+004
 -6.4460000e+003  1.0177239e+004
 -6.4400000e+003  1.0177567e+004
 -6.4400000e+003  1.0177901e+004
 -6.4440000e+003  1.0178228e+004
 -6.4520000e+003  1.0178555e+004
 -6.4560000e+003  1.0178883e+004
 -6.4630000e+003  1.0179211e+004
 -6.4740000e+003  1.0179539e+004
 -6.4810000e+003  1.0179869e+004
 -6.4890000e+003  1.0180199e+004
 -6.4960000e+003  1.0180530e+004
 -6.5010000e+003  1.0180861e+004
 -6.5040000e+003  1.0181193e+004
 -6.5060000e+003  1.0181527e+004
 -6.5080000e+003  1.0181861e+004
 -6.5070000e+003  1.0182195e+004
 -6.5050000e+003  1.0182529e+004
 -6.5020000e+003  1.0182861e+004
 -6.4980000e+003  1.0183198e+004
 -6.4920000e+003  1.0183535e+004
 -6.4890000e+003  1.0183874e+004
 -6.4820000e+003  1.0184212e+004
 -6.4750000e+003  1.0184551e+004
 -6.4730000e+003  1.0184891e+004
 -6.4730000e+003  1.0185232e+004
 -6.5000000e+003  1.0185573e+004
 -6.5000000e+003  1.0185915e+004
 -6.5000000e+003  1.0186254e+004
 -6.4990000e+003  1.0186594e+004
 -6.4980000e+003  1.0186931e+004
 -6.4950000e+003  1.0187268e+004
 -6.4900000e+003  1.0187606e+004
 -6.4860000e+003  1.0187943e+004
 -6.4640000e+003  1.0188277e+004
 -6.4530000e+003  1.0188613e+004
 -6.4520000e+003  1.0188948e+004
 -6.4490000e+003  1.0189283e+004
 -6.4490000e+003  1.0189616e+004
 -6.4480000e+003  1.0189949e+004
 -6.4470000e+003  1.0190281e+004
 -6.4460000e+003  1.0190612e+004
 -6.4450000e+003  1.0190943e+004
 -6.4440000e+003  1.0191275e+004
 -6.4430000e+003  1.0191607e+004
 -6.4420000e+003  1.0191939e+004
 -6.4420000e+003  1.0192272e+004
 -6.4400000e+003  1.0192606e+004
 -6.4360000e+003  1.0192939e+004
 -6.4330000e+003  1.0193273e+004
 -6.4300000e+003  1.0193604e+004
 -6.4260000e+003  1.0193936e+004
 -6.4250000e+003  1.0194266e+004
 -6.4220000e+003  1.0194598e+004
 -6.4180000e+003  1.0194930e+004
 -6.4140000e+003  1.0195264e+004
 -6.4120000e+003  1.0195598e+004
 -6.4130000e+003  1.0195932e+004
 -6.4150000e+003  1.0196264e+004
 -6.4200000e+003  1.0196595e+004
 -6.4320000e+003  1.0196928e+004
 -6.4320000e+003  1.0197260e+004
 -6.4340000e+003  1.0197918e+004
 -6.4450000e+003  1.0198250e+004
 -6.4540000e+003  1.0198583e+004
 -6.4600000e+003  1.0198917e+004
 -6.4650000e+003  1.0199586e+004
 -6.4670000e+003  1.0199920e+004
 -6.4640000e+003  1.0200252e+004
 -6.4630000e+003  1.0200583e+004
 -6.4620000e+003  1.0200915e+004
 -6.4630000e+003  1.0201248e+004
 -6.4650000e+003  1.0201578e+004
 -6.4680000e+003  1.0201909e+004
 -6.4720000e+003  1.0202240e+004
 -6.4740000e+003  1.0202570e+004
 -6.4760000e+003  1.0202901e+004
 -6.4760000e+003  1.0203230e+004
 -6.4840000e+003  1.0203559e+004
 -6.4820000e+003  1.0203884e+004
 -6.4810000e+003  1.0204210e+004
 -6.4780000e+003  1.0204536e+004
 -6.4760000e+003  1.0204862e+004
 -6.4760000e+003  1.0205189e+004
 -6.4750000e+003  1.0205515e+004
 -6.4740000e+003  1.0205840e+004
 -6.4730000e+003  1.0206166e+004
 -6.4720000e+003  1.0206493e+004
 -6.4710000e+003  1.0206822e+004
 -6.4800000e+003  1.0207150e+004
 -6.4900000e+003  1.0207478e+004
 -6.5020000e+003  1.0207804e+004
 -6.5120000e+003  1.0208130e+004
 -6.5180000e+003  1.0208456e+004
 -6.5230000e+003  1.0208784e+004
 -6.5290000e+003  1.0209109e+004
 -6.5360000e+003  1.0209435e+004
 -6.5390000e+003  1.0209761e+004
 -6.5340000e+003  1.0210089e+004
 -6.5310000e+003  1.0210415e+004
 -6.5310000e+003  1.0210741e+004
 -6.5310000e+003  1.0211068e+004
 -6.5300000e+003  1.0211393e+004
 -6.5320000e+003  1.0211722e+004
 -6.5350000e+003  1.0212052e+004
 -6.5390000e+003  1.0212378e+004
 -6.5450000e+003  1.0212706e+004
 -6.5480000e+003  1.0213035e+004
 -6.5450000e+003  1.0213365e+004
 -6.5440000e+003  1.0213692e+004
 -6.5440000e+003  1.0214021e+004
 -6.5420000e+003  1.0214346e+004
 -6.5410000e+003  1.0214674e+004
 -6.5430000e+003  1.0215002e+004
 -6.5430000e+003  1.0215330e+004
 -6.5430000e+003  1.0215662e+004
 -6.5420000e+003  1.0215992e+004
 -6.5410000e+003  1.0216321e+004
 -6.5400000e+003  1.0216646e+004
 -6.5380000e+003  1.0216974e+004
 -6.5320000e+003  1.0217303e+004
 -6.5250000e+003  1.0217632e+004
 -6.5180000e+003  1.0217964e+004
 -6.5130000e+003  1.0218293e+004
 -6.5120000e+003  1.0218626e+004
 -6.5100000e+003  1.0218957e+004
 -6.5080000e+003  1.0219289e+004
 -6.5070000e+003  1.0219617e+004
 -6.5120000e+003  1.0219946e+004
 -6.5070000e+003  1.0220276e+004
 -6.5010000e+003  1.0220609e+004
 -6.4970000e+003  1.0220937e+004
 -6.4900000e+003  1.0221273e+004
 -6.4860000e+003  1.0221603e+004
 -6.4640000e+003  1.0221932e+004
 -6.4510000e+003  1.0222263e+004
 -6.4510000e+003  1.0222596e+004
 -6.4510000e+003  1.0222929e+004
 -6.4640000e+003  1.0223258e+004
 -6.4720000e+003  1.0223589e+004
 -6.4770000e+003  1.0223921e+004
 -6.4880000e+003  1.0224251e+004
 -6.4970000e+003  1.0224580e+004
 -6.5030000e+003  1.0224910e+004
 -6.5070000e+003  1.0225243e+004
 -6.5090000e+003  1.0225575e+004
 -6.5100000e+003  1.0225905e+004
 -6.5090000e+003  1.0226234e+004
 -6.5090000e+003  1.0226564e+004
 -6.5090000e+003  1.0226894e+004
 -6.5140000e+003  1.0227224e+004
 -6.5210000e+003  1.0227551e+004
 -6.5260000e+003  1.0227880e+004
 -6.5290000e+003  1.0228210e+004
 -6.5300000e+003  1.0228539e+004
 -6.5280000e+003  1.0228869e+004
 -6.5250000e+003  1.0229198e+004
 -6.5110000e+003  1.0229525e+004
 -6.5100000e+003  1.0229852e+004
 -6.5070000e+003  1.0230179e+004
 -6.5010000e+003  1.0230506e+004
 -6.4970000e+003  1.0230834e+004
 -6.4940000e+003  1.0231163e+004
 -6.4940000e+003  1.0231489e+004
 -6.4980000e+003  1.0231817e+004
 -6.5100000e+003  1.0232141e+004
 -6.5220000e+003  1.0232467e+004
 -6.5370000e+003  1.0232793e+004
 -6.5540000e+003  1.0233121e+004
 -6.5630000e+003  1.0233451e+004
 -6.5690000e+003  1.0233780e+004
 -6.5760000e+003  1.0234111e+004
 -6.5790000e+003  1.0234441e+004
 -6.5780000e+003  1.0234770e+004
 -6.5800000e+003  1.0235099e+004
 -6.5780000e+003  1.0235431e+004
 -6.5680000e+003  1.0235764e+004
 -6.5680000e+003  1.0236092e+004
 -6.5190000e+003  1.0236422e+004
 -6.5140000e+003  1.0236752e+004
 -6.5060000e+003  1.0237300e+004
 -6.5030000e+003  1.0237486e+004
 -6.5000000e+003  1.0237660e+004
 -6.4970000e+003  1.0237835e+004
 -6.4930000e+003  1.0238007e+004
 -6.4860000e+003  1.0238181e+004
 -6.4820000e+003  1.0238357e+004
 -6.4800000e+003  1.0238534e+004
 -6.4830000e+003  1.0238712e+004
 -6.4840000e+003  1.0238925e+004
 -6.4880000e+003  1.0239222e+004
 -6.4980000e+003  1.0239549e+004
 -6.5080000e+003  1.0239884e+004
 -6.5190000e+003  1.0240222e+004
 -6.5270000e+003  1.0240560e+004
 -6.5320000e+003  1.0240896e+004
 -6.5360000e+003  1.0241238e+004
 -6.5390000e+003  1.0241576e+004
 -6.5380000e+003  1.0241915e+004
 -6.5360000e+003  1.0242254e+004
 -6.5390000e+003  1.0242589e+004
 -6.5480000e+003  1.0242926e+004
 -6.5600000e+003  1.0243264e+004
 -6.5680000e+003  1.0243602e+004
 -6.5760000e+003  1.0243940e+004
 -6.5830000e+003  1.0244280e+004
 -6.5880000e+003  1.0244620e+004
 -6.5920000e+003  1.0244959e+004
 -6.5930000e+003  1.0245295e+004
 -6.5940000e+003  1.0245634e+004
 -6.6040000e+003  1.0245972e+004
 -6.6060000e+003  1.0246309e+004
 -6.6080000e+003  1.0246647e+004
 -6.5960000e+003  1.0246987e+004
 -6.5880000e+003  1.0247321e+004
 -6.5890000e+003  1.0247659e+004
 -6.5850000e+003  1.0247996e+004
 -6.5750000e+003  1.0248332e+004
 -6.5700000e+003  1.0248669e+004
 -6.5680000e+003  1.0249007e+004
 -6.5620000e+003  1.0249343e+004
 -6.5560000e+003  1.0249680e+004
 -6.5510000e+003  1.0250017e+004
 -6.5460000e+003  1.0250350e+004
 -6.5410000e+003  1.0250686e+004
 -6.5340000e+003  1.0251023e+004
 -6.5270000e+003  1.0251360e+004
 -6.5180000e+003  1.0251698e+004
 -6.5080000e+003  1.0252035e+004
 -6.4970000e+003  1.0252369e+004
 -6.4870000e+003  1.0252703e+004
 -6.4780000e+003  1.0253036e+004
 -6.4700000e+003  1.0253370e+004
 -6.4640000e+003  1.0253703e+004
 -6.4620000e+003  1.0254037e+004
 -6.4620000e+003  1.0254371e+004
 -6.4620000e+003  1.0254707e+004
 -6.4610000e+003  1.0255041e+004
 -6.4600000e+003  1.0255376e+004
 -6.4630000e+003  1.0255712e+004
 -6.4640000e+003  1.0256048e+004
 -6.4680000e+003  1.0256385e+004
 -6.4720000e+003  1.0256723e+004
 -6.4790000e+003  1.0257062e+004
 -6.4850000e+003  1.0257401e+004
 -6.4890000e+003  1.0257739e+004
 -6.4920000e+003  1.0258079e+004
 -6.4930000e+003  1.0258417e+004
 -6.4940000e+003  1.0258756e+004
 -6.4940000e+003  1.0259092e+004
 -6.4940000e+003  1.0259429e+004
 -6.4950000e+003  1.0259769e+004
 -6.4940000e+003  1.0260109e+004
 -6.4930000e+003  1.0260449e+004
 -6.4940000e+003  1.0260788e+004
 -6.4940000e+003  1.0261127e+004
 -6.4930000e+003  1.0261468e+004
 -6.4940000e+003  1.0261808e+004
 -6.4920000e+003  1.0262143e+004
 -6.4900000e+003  1.0262480e+004
 -6.4880000e+003  1.0262816e+004
 -6.4860000e+003  1.0263152e+004
 -6.4850000e+003  1.0263487e+004
 -6.4820000e+003  1.0263825e+004
 -6.4790000e+003  1.0264172e+004
 -6.4770000e+003  1.0264512e+004
 -6.4760000e+003  1.0264854e+004
 -6.4890000e+003  1.0265194e+004
 -6.4860000e+003  1.0265537e+004
 -6.4850000e+003  1.0265882e+004
 -6.4840000e+003  1.0266227e+004
 -6.4810000e+003  1.0266569e+004
 -6.4800000e+003  1.0266913e+004
 -6.4790000e+003  1.0267258e+004
 -6.4780000e+003  1.0267602e+004
 -6.4770000e+003  1.0267945e+004
 -6.4750000e+003  1.0268290e+004
 -6.4710000e+003  1.0268634e+004
 -6.4680000e+003  1.0268978e+004
 -6.4630000e+003  1.0269321e+004
 -6.4610000e+003  1.0269661e+004
 -6.4600000e+003  1.0270003e+004
 -6.4590000e+003  1.0270345e+004
 -6.4590000e+003  1.0270685e+004
 -6.4600000e+003  1.0271024e+004
 -6.4620000e+003  1.0271365e+004
 -6.4620000e+003  1.0271705e+004
 -6.4630000e+003  1.0272047e+004
 -6.4650000e+003  1.0272388e+004
 -6.4670000e+003  1.0272725e+004
 -6.4670000e+003  1.0273061e+004
 -6.4660000e+003  1.0273402e+004
 -6.4640000e+003  1.0273745e+004
 -6.4640000e+003  1.0274088e+004
 -6.4630000e+003  1.0274431e+004
 -6.4630000e+003  1.0274775e+004
 -6.4630000e+003  1.0275118e+004
 -6.4610000e+003  1.0275461e+004
 -6.4650000e+003  1.0275802e+004
 -6.4740000e+003  1.0276482e+004
 -6.4870000e+003  1.0276825e+004
 -6.5000000e+003  1.0277169e+004
 -6.5090000e+003  1.0277511e+004
 -6.5170000e+003  1.0277854e+004
 -6.5240000e+003  1.0278194e+004
 -6.5280000e+003  1.0278534e+004
 -6.5330000e+003  1.0278872e+004
 -6.5380000e+003  1.0279215e+004
 -6.5420000e+003  1.0279559e+004
 -6.5430000e+003  1.0279900e+004
 -6.5440000e+003  1.0280241e+004
 -6.5430000e+003  1.0280583e+004
 -6.5410000e+003  1.0280923e+004
 -6.5380000e+003  1.0281264e+004
 -6.5360000e+003  1.0281607e+004
 -6.5360000e+003  1.0281944e+004
 -6.5340000e+003  1.0282282e+004
 -6.5320000e+003  1.0282623e+004
 -6.5310000e+003  1.0282963e+004
 -6.5300000e+003  1.0283302e+004
 -6.5300000e+003  1.0283641e+004
 -6.5310000e+003  1.0283979e+004
 -6.5310000e+003  1.0284318e+004
 -6.5310000e+003  1.0284657e+004
 -6.5290000e+003  1.0284994e+004
 -6.5290000e+003  1.0285329e+004
 -6.5290000e+003  1.0285663e+004
 -6.5270000e+003  1.0285997e+004
 -6.5260000e+003  1.0286331e+004
 -6.5270000e+003  1.0286667e+004
 -6.5270000e+003  1.0286995e+004
 -6.5280000e+003  1.0287325e+004
 -6.5230000e+003  1.0287657e+004
 -6.5170000e+003  1.0287986e+004
 -6.5080000e+003  1.0288316e+004
 -6.5000000e+003  1.0288646e+004
 -6.4910000e+003  1.0288979e+004
 -6.4670000e+003  1.0289312e+004
 -6.4630000e+003  1.0289648e+004
 -6.4600000e+003  1.0289979e+004
 -6.4570000e+003  1.0290314e+004
 -6.4510000e+003  1.0290651e+004
 -6.4460000e+003  1.0290986e+004
 -6.4420000e+003  1.0291322e+004
 -6.4410000e+003  1.0291658e+004
 -6.4420000e+003  1.0291995e+004
 -6.4420000e+003  1.0292333e+004
 -6.4430000e+003  1.0292670e+004
 -6.4400000e+003  1.0293007e+004
 -6.4360000e+003  1.0293343e+004
 -6.4280000e+003  1.0293680e+004
 -6.4210000e+003  1.0294017e+004
 -6.4100000e+003  1.0294353e+004
 -6.4040000e+003  1.0294689e+004
 -6.4030000e+003  1.0295024e+004
 -6.4040000e+003  1.0295357e+004
 -6.4010000e+003  1.0295694e+004
 -6.3960000e+003  1.0296032e+004
 -6.3870000e+003  1.0296367e+004
 -6.3780000e+003  1.0296705e+004
 -6.3680000e+003  1.0297041e+004
 -6.3570000e+003  1.0297378e+004
 -6.3490000e+003  1.0297711e+004
 -6.3440000e+003  1.0298046e+004
 -6.3420000e+003  1.0298386e+004
 -6.3490000e+003  1.0298724e+004
 -6.3540000e+003  1.0299064e+004
 -6.3590000e+003  1.0299401e+004
 -6.3640000e+003  1.0299740e+004
 -6.3680000e+003  1.0300075e+004
 -6.3740000e+003  1.0300413e+004
 -6.3760000e+003  1.0300750e+004
 -6.3760000e+003  1.0301087e+004
 -6.3760000e+003  1.0301423e+004
 -6.3750000e+003  1.0301761e+004
 -6.3750000e+003  1.0302097e+004
 -6.3720000e+003  1.0302433e+004
 -6.3700000e+003  1.0302770e+004
 -6.3710000e+003  1.0303110e+004
 -6.3730000e+003  1.0303449e+004
 -6.3750000e+003  1.0303789e+004
 -6.3780000e+003  1.0304126e+004
 -6.3800000e+003  1.0304468e+004
 -6.3810000e+003  1.0304807e+004
 -6.3800000e+003  1.0305146e+004
 -6.3800000e+003  1.0305484e+004
 -6.3780000e+003  1.0305822e+004
 -6.3760000e+003  1.0306160e+004
 -6.3710000e+003  1.0306499e+004
 -6.3670000e+003  1.0306837e+004
 -6.3660000e+003  1.0307174e+004
 -6.3660000e+003  1.0307512e+004
 -6.3670000e+003  1.0307852e+004
 -6.3690000e+003  1.0308191e+004
 -6.3710000e+003  1.0308536e+004
 -6.3740000e+003  1.0308875e+004
 -6.3780000e+003  1.0309216e+004
 -6.3810000e+003  1.0309559e+004
 -6.3840000e+003  1.0309898e+004
 -6.3850000e+003  1.0310237e+004
 -6.3870000e+003  1.0310578e+004
 -6.3880000e+003  1.0310919e+004
 -6.3890000e+003  1.0311260e+004
 -6.3900000e+003  1.0311603e+004
 -6.3900000e+003  1.0311942e+004
 -6.3910000e+003  1.0312282e+004
 -6.3950000e+003  1.0312623e+004
 -6.4010000e+003  1.0312963e+004
 -6.4050000e+003  1.0313303e+004
 -6.4080000e+003  1.0313645e+004
 -6.4080000e+003  1.0313985e+004
 -6.4090000e+003  1.0314325e+004
 -6.4080000e+003  1.0314666e+004
 -6.4080000e+003  1.0315006e+004
 -6.4080000e+003  1.0315349e+004
 -6.4080000e+003  1.0315694e+004
 -6.4080000e+003  1.0316036e+004
 -6.4070000e+003  1.0316378e+004
 -6.4080000e+003  1.0317055e+004
 -6.4080000e+003  1.0317398e+004
 -6.4080000e+003  1.0317739e+004
 -6.3500000e+003  1.0318083e+004
 -6.3370000e+003  1.0318426e+004
 -6.3210000e+003  1.0318768e+004
 -6.2930000e+003  1.0319110e+004
 -6.2630000e+003  1.0319452e+004
 -6.2240000e+003  1.0319796e+004
 -6.2080000e+003  1.0320140e+004
 -6.2100000e+003  1.0320483e+004
 -6.2190000e+003  1.0320828e+004
 -6.2300000e+003  1.0321172e+004
 -6.2410000e+003  1.0321516e+004
 -6.2480000e+003  1.0321861e+004
 -6.2500000e+003  1.0322203e+004
 -6.2530000e+003  1.0322548e+004
 -6.2540000e+003  1.0322895e+004
 -6.2550000e+003  1.0323242e+004
 -6.2600000e+003  1.0323589e+004
 -6.2650000e+003  1.0323936e+004
 -6.2690000e+003  1.0324282e+004
 -6.2710000e+003  1.0324628e+004
 -6.2710000e+003  1.0324977e+004
 -6.2730000e+003  1.0325320e+004
 -6.2730000e+003  1.0325666e+004
 -6.2580000e+003  1.0326013e+004
 -6.2590000e+003  1.0326361e+004
 -6.2610000e+003  1.0326707e+004
 -6.2630000e+003  1.0327051e+004
 -6.2630000e+003  1.0327396e+004
 -6.2630000e+003  1.0327742e+004
 -6.2630000e+003  1.0328089e+004
 -6.2640000e+003  1.0328437e+004
 -6.2640000e+003  1.0328785e+004
 -6.2640000e+003  1.0329131e+004
 -6.2640000e+003  1.0329482e+004
 -6.1770000e+003  1.0329832e+004
 -6.1830000e+003  1.0330181e+004
 -6.2490000e+003  1.0330529e+004
 -6.2360000e+003  1.0330878e+004
 -6.2300000e+003  1.0331228e+004
 -6.2240000e+003  1.0331926e+004
 -6.2330000e+003  1.0332275e+004
 -6.2450000e+003  1.0332624e+004
 -6.2580000e+003  1.0332973e+004
 -6.2730000e+003  1.0333319e+004
 -6.2820000e+003  1.0333665e+004
 -6.2880000e+003  1.0334009e+004
 -6.2900000e+003  1.0334352e+004
 -6.2910000e+003  1.0334698e+004
 -6.2940000e+003  1.0335037e+004
 -6.3000000e+003  1.0335378e+004
 -6.3120000e+003  1.0335721e+004
 -6.3240000e+003  1.0336063e+004
 -6.3340000e+003  1.0336406e+004
 -6.3430000e+003  1.0336747e+004
 -6.3490000e+003  1.0337089e+004
 -6.3530000e+003  1.0337432e+004
 -6.3530000e+003  1.0337775e+004
 -6.3530000e+003  1.0338122e+004
 -6.3530000e+003  1.0338469e+004
 -6.3530000e+003  1.0338815e+004
 -6.3520000e+003  1.0339162e+004
 -6.3500000e+003  1.0339508e+004
 -6.3480000e+003  1.0339855e+004
 -6.3460000e+003  1.0340203e+004
 -6.3450000e+003  1.0340550e+004
 -6.3440000e+003  1.0340896e+004
 -6.3410000e+003  1.0341242e+004
 -6.3370000e+003  1.0341589e+004
 -6.3320000e+003  1.0341935e+004
 -6.3260000e+003  1.0342283e+004
 -6.3240000e+003  1.0342633e+004
 -6.3250000e+003  1.0342980e+004
 -6.3260000e+003  1.0343328e+004
 -6.3300000e+003  1.0343677e+004
 -6.3310000e+003  1.0344027e+004
 -6.3330000e+003  1.0344376e+004
 -6.3330000e+003  1.0344725e+004
 -6.3340000e+003  1.0345073e+004
 -6.3330000e+003  1.0345419e+004
 -6.3320000e+003  1.0345770e+004
 -6.3310000e+003  1.0346119e+004
 -6.3300000e+003  1.0346466e+004
 -6.3290000e+003  1.0346817e+004
 -6.3280000e+003  1.0347168e+004
 -6.3280000e+003  1.0347518e+004
 -6.3270000e+003  1.0347864e+004
 -6.3260000e+003  1.0348212e+004
 -6.3250000e+003  1.0348555e+004
 -6.3230000e+003  1.0348903e+004
 -6.3210000e+003  1.0349247e+004
 -6.3220000e+003  1.0349591e+004
 -6.3260000e+003  1.0349938e+004
 -6.3340000e+003  1.0350282e+004
 -6.3440000e+003  1.0350630e+004
 -6.3540000e+003  1.0350979e+004
 -6.3620000e+003  1.0351324e+004
 -6.3730000e+003  1.0351671e+004
 -6.3870000e+003  1.0352017e+004
 -6.3960000e+003  1.0352362e+004
 -6.4030000e+003  1.0352707e+004
 -6.4060000e+003  1.0353060e+004
 -6.4080000e+003  1.0353409e+004
 -6.4080000e+003  1.0353752e+004
 -6.4080000e+003  1.0354106e+004
 -6.4060000e+003  1.0354457e+004
 -6.4020000e+003  1.0354806e+004
 -6.3980000e+003  1.0355155e+004
 -6.3960000e+003  1.0355501e+004
 -6.3930000e+003  1.0355846e+004
 -6.3920000e+003  1.0356191e+004
 -6.3900000e+003  1.0356536e+004
 -6.3880000e+003  1.0356880e+004
 -6.3860000e+003  1.0357227e+004
 -6.3820000e+003  1.0357572e+004
 -6.3800000e+003  1.0357919e+004
 -6.3480000e+003  1.0358605e+004
 -6.3310000e+003  1.0358953e+004
 -6.3150000e+003  1.0359302e+004
 -6.3020000e+003  1.0359646e+004
 -6.2910000e+003  1.0359990e+004
 -6.2840000e+003  1.0360334e+004
 -6.2820000e+003  1.0360677e+004
 -6.2820000e+003  1.0361020e+004
 -6.2820000e+003  1.0361365e+004
 -6.2860000e+003  1.0361710e+004
 -6.2930000e+003  1.0362050e+004
 -6.3000000e+003  1.0362392e+004
 -6.3040000e+003  1.0362732e+004
 -6.3060000e+003  1.0363072e+004
 -6.3070000e+003  1.0363416e+004
 -6.3030000e+003  1.0363757e+004
 -6.2980000e+003  1.0364099e+004
 -6.2960000e+003  1.0364442e+004
 -6.2960000e+003  1.0364787e+004
 -6.2980000e+003  1.0365126e+004
 -6.3020000e+003  1.0365463e+004
 -6.3050000e+003  1.0365802e+004
 -6.3070000e+003  1.0366141e+004
 -6.3080000e+003  1.0366480e+004
 -6.3090000e+003  1.0366822e+004
 -6.3100000e+003  1.0367161e+004
 -6.3140000e+003  1.0367501e+004
 -6.3170000e+003  1.0367842e+004
 -6.3200000e+003  1.0368184e+004
 -6.3230000e+003  1.0368522e+004
 -6.3250000e+003  1.0368859e+004
 -6.3250000e+003  1.0369200e+004
 -6.3270000e+003  1.0369538e+004
 -6.3270000e+003  1.0369877e+004
 -6.3300000e+003  1.0370214e+004
 -6.3310000e+003  1.0370551e+004
 -6.3310000e+003  1.0370891e+004
 -6.3320000e+003  1.0371231e+004
 -6.3330000e+003  1.0371571e+004
 -6.3320000e+003  1.0371907e+004
 -6.3290000e+003  1.0372244e+004
 -6.3270000e+003  1.0372582e+004
 -6.3240000e+003  1.0372920e+004
 -6.3200000e+003  1.0373256e+004
 -6.3150000e+003  1.0373594e+004
 -6.3100000e+003  1.0373931e+004
 -6.3080000e+003  1.0374267e+004
 -6.3050000e+003  1.0374602e+004
 -6.3030000e+003  1.0374938e+004
 -6.3020000e+003  1.0375275e+004
 -6.2990000e+003  1.0375613e+004
 -6.2970000e+003  1.0375951e+004
 -6.2940000e+003  1.0376289e+004
 -6.2900000e+003  1.0376634e+004
 -6.2860000e+003  1.0376977e+004
 -6.2800000e+003  1.0377320e+004
 -6.2760000e+003  1.0377661e+004
 -6.2710000e+003  1.0377999e+004
 -6.2680000e+003  1.0378336e+004
 -6.2650000e+003  1.0378674e+004
 -6.2640000e+003  1.0379012e+004
 -6.2620000e+003  1.0379350e+004
 -6.2590000e+003  1.0379690e+004
 -6.2580000e+003  1.0380029e+004
 -6.2570000e+003  1.0380370e+004
 -6.2540000e+003  1.0380712e+004
 -6.2530000e+003  1.0381053e+004
 -6.2500000e+003  1.0381393e+004
 -6.2490000e+003  1.0381733e+004
 -6.2500000e+003  1.0382074e+004
 -6.2530000e+003  1.0382414e+004
 -6.2550000e+003  1.0382752e+004
 -6.2620000e+003  1.0383093e+004
 -6.2640000e+003  1.0383435e+004
 -6.2680000e+003  1.0383775e+004
 -6.2710000e+003  1.0384118e+004
 -6.2720000e+003  1.0384463e+004
 -6.2740000e+003  1.0384807e+004
 -6.2770000e+003  1.0385149e+004
 -6.2820000e+003  1.0385492e+004
 -6.2820000e+003  1.0385836e+004
 -6.2840000e+003  1.0386179e+004
 -6.2840000e+003  1.0386525e+004
 -6.2840000e+003  1.0386871e+004
 -6.2830000e+003  1.0387217e+004
 -6.2820000e+003  1.0387562e+004
 -6.2890000e+003  1.0387909e+004
 -6.2970000e+003  1.0388256e+004
 -6.3040000e+003  1.0388599e+004
 -6.3120000e+003  1.0388942e+004
 -6.3140000e+003  1.0389284e+004
 -6.3140000e+003  1.0389629e+004
 -6.3130000e+003  1.0389969e+004
 -6.3140000e+003  1.0390311e+004
 -6.3150000e+003  1.0390652e+004
 -6.3160000e+003  1.0390998e+004
 -6.3160000e+003  1.0391337e+004
 -6.3140000e+003  1.0391680e+004
 -6.3160000e+003  1.0392025e+004
 -6.3200000e+003  1.0392372e+004
 -6.3270000e+003  1.0392720e+004
 -6.3350000e+003  1.0393069e+004
 -6.3400000e+003  1.0393419e+004
 -6.3440000e+003  1.0393769e+004
 -6.3450000e+003  1.0394116e+004
 -6.3450000e+003  1.0394463e+004
 -6.3460000e+003  1.0394809e+004
 -6.3490000e+003  1.0395155e+004
 -6.3530000e+003  1.0395503e+004
 -6.3640000e+003  1.0395848e+004
 -6.3760000e+003  1.0396193e+004
 -6.3860000e+003  1.0396540e+004
 -6.3960000e+003  1.0396888e+004
 -6.4020000e+003  1.0397235e+004
 -6.4060000e+003  1.0397584e+004
 -6.4110000e+003  1.0397928e+004
 -6.4120000e+003  1.0398273e+004
 -6.4120000e+003  1.0398619e+004
 -6.3980000e+003  1.0399631e+004
 -6.4020000e+003  1.0399969e+004
 -6.4070000e+003  1.0400306e+004
 -6.4100000e+003  1.0400645e+004
 -6.4140000e+003  1.0400982e+004
 -6.4200000e+003  1.0401318e+004
 -6.4340000e+003  1.0401656e+004
 -6.4430000e+003  1.0401996e+004
 -6.4480000e+003  1.0402332e+004
 -6.4520000e+003  1.0402669e+004
 -6.4540000e+003  1.0403005e+004
 -6.4570000e+003  1.0403345e+004
 -6.4610000e+003  1.0403685e+004
 -6.4650000e+003  1.0404026e+004
 -6.4710000e+003  1.0404367e+004
 -6.4740000e+003  1.0404706e+004
 -6.4740000e+003  1.0405042e+004
 -6.4710000e+003  1.0405379e+004
 -6.4680000e+003  1.0405717e+004
 -6.4640000e+003  1.0406052e+004
 -6.4630000e+003  1.0406392e+004
 -6.4660000e+003  1.0406733e+004
 -6.4740000e+003  1.0407069e+004
 -6.4750000e+003  1.0407408e+004
 -6.4760000e+003  1.0407746e+004
 -6.4770000e+003  1.0408085e+004
 -6.4790000e+003  1.0408429e+004
 -6.4750000e+003  1.0408774e+004
 -6.4700000e+003  1.0409119e+004
 -6.4670000e+003  1.0409466e+004
 -6.4610000e+003  1.0409806e+004
 -6.4560000e+003  1.0410147e+004
 -6.4520000e+003  1.0410490e+004
 -6.4500000e+003  1.0410838e+004
 -6.4920000e+003  1.0411189e+004
 -6.4800000e+003  1.0411538e+004
 -6.4670000e+003  1.0411888e+004
 -6.4710000e+003  1.0412241e+004
 -6.4860000e+003  1.0412591e+004
 -6.5120000e+003  1.0412940e+004
 -6.5140000e+003  1.0413292e+004
 -6.5180000e+003  1.0413639e+004
 -6.5230000e+003  1.0413988e+004
 -6.5250000e+003  1.0414338e+004
 -6.5260000e+003  1.0414686e+004
 -6.5280000e+003  1.0415033e+004
 -6.5250000e+003  1.0415382e+004
 -6.5230000e+003  1.0415729e+004
 -6.5230000e+003  1.0416077e+004
 -6.5230000e+003  1.0416424e+004
 -6.5240000e+003  1.0416769e+004
 -6.5230000e+003  1.0417114e+004
 -6.5220000e+003  1.0417458e+004
 -6.5220000e+003  1.0417798e+004
 -6.5230000e+003  1.0418143e+004
 -6.5240000e+003  1.0418493e+004
 -6.5250000e+003  1.0418843e+004
 -6.5270000e+003  1.0419192e+004
 -6.5290000e+003  1.0419542e+004
 -6.5310000e+003  1.0419893e+004
 -6.5310000e+003  1.0420250e+004
 -6.5320000e+003  1.0420597e+004
 -6.5320000e+003  1.0420947e+004
 -6.5310000e+003  1.0421295e+004
 -6.5260000e+003  1.0421639e+004
 -6.5220000e+003  1.0421985e+004
 -6.5180000e+003  1.0422333e+004
 -6.5170000e+003  1.0422684e+004
 -6.5200000e+003  1.0423029e+004
 -6.5220000e+003  1.0423378e+004
 -6.5260000e+003  1.0423723e+004
 -6.5300000e+003  1.0424070e+004
 -6.5330000e+003  1.0424420e+004
 -6.5360000e+003  1.0424766e+004
 -6.5350000e+003  1.0425114e+004
 -6.5350000e+003  1.0425459e+004
 -6.5380000e+003  1.0425805e+004
 -6.5430000e+003  1.0426153e+004
 -6.5520000e+003  1.0426499e+004
 -6.5610000e+003  1.0426846e+004
 -6.5590000e+003  1.0427192e+004
 -6.5590000e+003  1.0427539e+004
 -6.5580000e+003  1.0427888e+004
 -6.5570000e+003  1.0428235e+004
 -6.5570000e+003  1.0428586e+004
 -6.5560000e+003  1.0428938e+004
 -6.5540000e+003  1.0429288e+004
 -6.5520000e+003  1.0429637e+004
 -6.5480000e+003  1.0429987e+004
 -6.5460000e+003  1.0430337e+004
 -6.5440000e+003  1.0430684e+004
 -6.5400000e+003  1.0431032e+004
 -6.5350000e+003  1.0431380e+004
 -6.5310000e+003  1.0431731e+004
 -6.5270000e+003  1.0432077e+004
 -6.5240000e+003  1.0432427e+004
 -6.5230000e+003  1.0432777e+004
 -6.5200000e+003  1.0433127e+004
 -6.5170000e+003  1.0433479e+004
 -6.5140000e+003  1.0433824e+004
 -6.5120000e+003  1.0434172e+004
 -6.5100000e+003  1.0434517e+004
 -6.5010000e+003  1.0434863e+004
 -6.4910000e+003  1.0435213e+004
 -6.4830000e+003  1.0435561e+004
 -6.4780000e+003  1.0435910e+004
 -6.4720000e+003  1.0436261e+004
 -6.4750000e+003  1.0436612e+004
 -6.4770000e+003  1.0436961e+004
 -6.4810000e+003  1.0437312e+004
 -6.4860000e+003  1.0437666e+004
 -6.4910000e+003  1.0438020e+004
 -6.4940000e+003  1.0438373e+004
 -6.4950000e+003  1.0438723e+004
 -6.4930000e+003  1.0439075e+004
 -6.4880000e+003  1.0439428e+004
 -6.4830000e+003  1.0439780e+004
 -6.4770000e+003  1.0440133e+004
 -6.4720000e+003  1.0440484e+004
 -6.4690000e+003  1.0440836e+004
 -6.4670000e+003  1.0441189e+004
 -6.4630000e+003  1.0441544e+004
 -6.4610000e+003  1.0441898e+004
 -6.4600000e+003  1.0442254e+004
 -6.4600000e+003  1.0442607e+004
 -6.4560000e+003  1.0442962e+004
 -6.4500000e+003  1.0443314e+004
 -6.4440000e+003  1.0443668e+004
 -6.4380000e+003  1.0444023e+004
 -6.4320000e+003  1.0444377e+004
 -6.4250000e+003  1.0444733e+004
 -6.4200000e+003  1.0445088e+004
 -6.4190000e+003  1.0445444e+004
 -6.4200000e+003  1.0445795e+004
 -6.4240000e+003  1.0446150e+004
 -6.4280000e+003  1.0446504e+004
 -6.4330000e+003  1.0446860e+004
 -6.4380000e+003  1.0447214e+004
 -6.4430000e+003  1.0447568e+004
 -6.4480000e+003  1.0447923e+004
 -6.4520000e+003  1.0448276e+004
 -6.4540000e+003  1.0448632e+004
 -6.4590000e+003  1.0448986e+004
 -6.4630000e+003  1.0449340e+004
 -6.4690000e+003  1.0449696e+004
 -6.4760000e+003  1.0450050e+004
 -6.4860000e+003  1.0450406e+004
 -6.4940000e+003  1.0450761e+004
 -6.4980000e+003  1.0451113e+004
 -6.5000000e+003  1.0451463e+004
 -6.5000000e+003  1.0451810e+004
 -6.5000000e+003  1.0452161e+004
 -6.4930000e+003  1.0452509e+004
 -6.4940000e+003  1.0452860e+004
 -6.4950000e+003  1.0453211e+004
 -6.4970000e+003  1.0453566e+004
 -6.4990000e+003  1.0453919e+004
 -6.5010000e+003  1.0454270e+004
 -6.5030000e+003  1.0454622e+004
 -6.5060000e+003  1.0454973e+004
 -6.5100000e+003  1.0455324e+004
 -6.5140000e+003  1.0455674e+004
 -6.5170000e+003  1.0456017e+004
 -6.5180000e+003  1.0456361e+004
 -6.5180000e+003  1.0456707e+004
 -6.5180000e+003  1.0457055e+004
 -6.5180000e+003  1.0457398e+004
 -6.5170000e+003  1.0457742e+004
 -6.5160000e+003  1.0458088e+004
 -6.5170000e+003  1.0458433e+004
 -6.5170000e+003  1.0458777e+004
 -6.5180000e+003  1.0459121e+004
 -6.5180000e+003  1.0459465e+004
 -6.5170000e+003  1.0459807e+004
 -6.5160000e+003  1.0460147e+004
 -6.5120000e+003  1.0460493e+004
 -6.5080000e+003  1.0460842e+004
 -6.5020000e+003  1.0461190e+004
 -6.4970000e+003  1.0461538e+004
 -6.4940000e+003  1.0461884e+004
 -6.4940000e+003  1.0462238e+004
 -6.4970000e+003  1.0462585e+004
 -6.5010000e+003  1.0462931e+004
 -6.5050000e+003  1.0463276e+004
 -6.5100000e+003  1.0463624e+004
 -6.5140000e+003  1.0463973e+004
 -6.5180000e+003  1.0464321e+004
 -6.5230000e+003  1.0464673e+004
 -6.5250000e+003  1.0465024e+004
 -6.5260000e+003  1.0465376e+004
 -6.5240000e+003  1.0465726e+004
 -6.5200000e+003  1.0466077e+004
 -6.5060000e+003  1.0466430e+004
 -6.5050000e+003  1.0466781e+004
 -6.5040000e+003  1.0467134e+004
 -6.5060000e+003  1.0467488e+004
 -6.5060000e+003  1.0467837e+004
 -6.5060000e+003  1.0468190e+004
 -6.5090000e+003  1.0468543e+004
 -6.5150000e+003  1.0468897e+004
 -6.5190000e+003  1.0469251e+004
 -6.5220000e+003  1.0469603e+004
 -6.5240000e+003  1.0469957e+004
 -6.5260000e+003  1.0470310e+004
 -6.5290000e+003  1.0470664e+004
 -6.5320000e+003  1.0471018e+004
 -6.5340000e+003  1.0471371e+004
 -6.5390000e+003  1.0471725e+004
 -6.5450000e+003  1.0472077e+004
 -6.5450000e+003  1.0472429e+004
 -6.5460000e+003  1.0472778e+004
 -6.5460000e+003  1.0473129e+004
 -6.5470000e+003  1.0473482e+004
 -6.5440000e+003  1.0473833e+004
 -6.5390000e+003  1.0474186e+004
 -6.5340000e+003  1.0474534e+004
 -6.5310000e+003  1.0474887e+004
 -6.5280000e+003  1.0475240e+004
 -6.5270000e+003  1.0475593e+004
 -6.5280000e+003  1.0475948e+004
 -6.5300000e+003  1.0476302e+004
 -6.5330000e+003  1.0476657e+004
 -6.5340000e+003  1.0477009e+004
 -6.5350000e+003  1.0477362e+004
 -6.5370000e+003  1.0477715e+004
 -6.5380000e+003  1.0478065e+004
 -6.5390000e+003  1.0478415e+004
 -6.5400000e+003  1.0478763e+004
 -6.5400000e+003  1.0479111e+004
 -6.5390000e+003  1.0479459e+004
 -6.5390000e+003  1.0479809e+004
 -6.5380000e+003  1.0480158e+004
 -6.5310000e+003  1.0480510e+004
 -6.5310000e+003  1.0480859e+004
 -6.5300000e+003  1.0481213e+004
 -6.5280000e+003  1.0481564e+004
 -6.5250000e+003  1.0481916e+004
 -6.5230000e+003  1.0482267e+004
 -6.5200000e+003  1.0482619e+004
 -6.5160000e+003  1.0483318e+004
 -6.5140000e+003  1.0483670e+004
 -6.5130000e+003  1.0484021e+004
 -6.5120000e+003  1.0484373e+004
 -6.5120000e+003  1.0484727e+004
 -6.5140000e+003  1.0485079e+004
 -6.5160000e+003  1.0485436e+004
 -6.5160000e+003  1.0485790e+004
 -6.5170000e+003  1.0486144e+004
 -6.5170000e+003  1.0486498e+004
 -6.5160000e+003  1.0486852e+004
 -6.5150000e+003  1.0487204e+004
 -6.5170000e+003  1.0487555e+004
 -6.5160000e+003  1.0487907e+004
 -6.5130000e+003  1.0488260e+004
 -6.5100000e+003  1.0488611e+004
 -6.5100000e+003  1.0488962e+004
 -6.5100000e+003  1.0489311e+004
 -6.5100000e+003  1.0489660e+004
 -6.5110000e+003  1.0490014e+004
 -6.5140000e+003  1.0490368e+004
 -6.5150000e+003  1.0490723e+004
 -6.5130000e+003  1.0491078e+004
 -6.5100000e+003  1.0491431e+004
 -6.5080000e+003  1.0491786e+004
 -6.5070000e+003  1.0492134e+004
 -6.5060000e+003  1.0492491e+004
 -6.5030000e+003  1.0492850e+004
 -6.5000000e+003  1.0493209e+004
 -6.4980000e+003  1.0493565e+004
 -6.5000000e+003  1.0493920e+004
 -6.4980000e+003  1.0494276e+004
 -6.4950000e+003  1.0494635e+004
 -6.4950000e+003  1.0494993e+004
 -6.4920000e+003  1.0495348e+004
 -6.4870000e+003  1.0495703e+004
 -6.4820000e+003  1.0496060e+004
 -6.4780000e+003  1.0496419e+004
 -6.4730000e+003  1.0496777e+004
 -6.4680000e+003  1.0497135e+004
 -6.4630000e+003  1.0497494e+004
 -6.4600000e+003  1.0497852e+004
 -6.4570000e+003  1.0498212e+004
 -6.4540000e+003  1.0498570e+004
 -6.4530000e+003  1.0498930e+004
 -6.4530000e+003  1.0499287e+004
 -6.4540000e+003  1.0499639e+004
 -6.4570000e+003  1.0499991e+004
